Gene symbol	B cells naive	B cells memory	T cells CD8	T cells CD4	NK cells	Monocytes	Macrophages M1	Macrophages M2
ABCB4	555.7134486	10.744235	4.311280198	7.406441697	4.556712661	6.202495893	27.55771004	121.4322774
ABCB9	15.6035437	22.09478724	24.22372293	30.04819243	16.39614273	20.30942573	29.38087813	40.39026017
ACAP1	215.3059512	321.6210208	1055.613378	922.1527467	387.5817422	190.8790244	30.97425375	23.05515036
ACHE	15.11794931	16.64884729	13.42828841	18.44492663	13.44126834	16.37526833	1373.06962	48.58576071
ACP5	605.8973843	1935.201479	306.3125193	557.8198203	239.2770679	512.9313823	1062.475909	7633.960182
ADAM28	1943.742699	1148.120138	22.6897181	21.23331069	94.40581808	58.3112027	274.639997	360.6820442
ADAMDEC1	371.0335929	318.478799	44.61628687	47.43351387	48.39924584	106.301336	8524.022801	5004.969419
ADAMTS3	146.1955683	106.052311	42.39041586	57.38590645	50.81967419	54.79707074	32.34016681	33.35142773
ADRB2	486.3438163	510.0813396	899.6485015	595.2105488	2360.471299	664.8839501	787.6239741	363.1850058
AIF1	24.0742984	20.32185897	742.8158187	35.1722477	23.17042572	8655.680002	1611.228571	11610.29035
AIM2	327.9580556	4538.991046	294.4846139	250.2995803	134.4958651	536.1118999	2965.888162	148.2845223
ALOX15	12.23359461	13.75323798	9.774971658	12.00966261	9.776317635	9.800855372	5.412216318	430.3353048
ALOX5	1799.683549	2425.680554	78.68443963	132.0101224	121.9977952	1979.301155	83.30089783	248.3724724
AMPD1	263.7450621	217.7617272	66.1074899	85.31836726	60.67685001	98.2326067	62.39764428	59.95269372
ANGPT4	23.12217296	21.31255675	44.68465936	44.47513375	26.17664299	16.91869965	21.218127	11.8097012
ANKRD55	284.4126543	218.9158033	141.6981114	436.4203479	88.45957062	126.1078201	96.20392388	48.55417359
APOBEC3A	102.4291739	89.60068607	64.35533705	52.73721382	132.2193618	2415.197908	4501.140479	148.7993403
APOBEC3G	1283.451966	1135.293933	2090.85254	2340.674986	8895.302228	865.7405246	1036.993881	258.3004281
APOL3	222.6275107	530.3981335	1209.122376	1615.032254	1002.837652	1000.826958	11009.29392	437.5272083
APOL6	17.31182151	11.60650829	8.448971352	8.439383107	370.3966282	11.82068745	967.6451456	7.784612131
AQP9	21.34280658	15.11459289	13.67548268	14.8941249	12.57775597	2044.034835	4309.341662	399.4746192
ARHGAP22	34.63556475	48.31289928	45.01409912	22.63123607	27.39864055	54.80800174	351.5922058	272.9890572
ARRB1	15.93115384	15.19815814	19.09130442	25.18421938	138.9893405	440.2370047	946.0138184	395.5562302
ASGR1	40.87013431	42.49782741	12.18880923	13.27420938	15.2477554	976.7071792	25.23626149	155.4913385
ASGR2	30.26095627	33.90854185	29.78023761	41.82249473	29.87461252	1484.961048	26.3738691	760.7257707
ATHL1	367.9599908	535.7827614	806.0999282	794.9480224	277.0846656	183.2808703	167.5032595	132.631945
ATP8B4	123.6149862	86.80594392	69.79360213	51.01417813	1035.862627	219.3440174	33.35142773	1163.254876
ATXN8OS	19.03486997	17.5814772	12.10850879	12.65987353	9.398323168	10.41544387	13.34400281	11.40281159
AZU1	26.08448842	37.31588708	75.49418368	45.14159359	118.8706557	96.50450872	163.9010445	315.8328244
BACH2	4442.146224	1237.156184	716.5762166	449.1787857	511.1200359	52.1091524	78.3338478	56.28089968
BANK1	7633.960182	9177.359918	27.08870144	35.51276327	37.1948578	86.58724759	16.02027146	29.19263501
BARX2	16.2562128	22.62509146	14.68073716	10.89927471	26.10193827	18.15622799	15.56608274	28.07283413
BCL11B	166.5812991	133.7136259	4183.738789	4962.937555	512.27635	88.02675109	68.0390322	51.07857308
BCL2A1	112.6417383	314.019133	575.0352025	755.8584033	526.5774707	2261.391134	7038.536622	195.959802
BCL7A	1097.312303	437.9146743	119.2680253	78.52160611	60.22893457	53.33648066	131.3538432	185.7375226
BEND5	571.2009408	267.7407888	159.6750731	64.9845649	37.21954547	57.98412082	57.11383215	51.61492393
BFSP1	8.615516504	12.0925165	19.66358081	8.910362721	19.45168576	21.37855994	36.95107529	30.8024485
BHLHE41	227.283923	379.2503375	45.2704192	26.70594032	51.58608454	42.84587819	143.8681079	325.12977
BIRC3	1762.323129	1072.239215	370.9307246	1121.424012	1173.96483	159.952492	1971.112539	237.5017836
BLK	1788.424777	3284.235489	136.3936481	19.16528476	12.25757399	34.13408456	11.8204986	14.41666747
BMP2K	282.3095234	216.4337119	117.76525	42.06887765	117.2003668	350.5910579	655.4319287	971.8036512
BPI	10.46971467	14.03167905	64.13890515	12.50772288	166.0621042	280.0017084	16.53368601	25.96026018
BRAF	2571.803933	974.3131867	178.6931052	155.551421	257.1799046	264.8782577	369.770593	191.008753
BRSK2	10.44585498	4.456868898	10.46220047	16.19041478	17.22013091	11.75864418	10.52617889	8.886630463
BST1	65.21842011	67.5879307	68.85559845	67.69994038	86.13707715	1567.219569	73.76833139	209.4648222
BTNL8	15.22236138	13.26757452	13.49547351	17.46905843	13.71677829	20.1092024	18.63943005	10.71025113
C11orf80	531.8492615	393.7715656	162.5847884	158.5148937	141.0093392	85.67243058	34.48872876	88.34055902
C1orf54	41.71079514	44.30946814	244.0295762	288.2644361	73.10888641	395.0230177	1157.753062	2036.475768
C3AR1	131.0995558	97.68302989	218.067024	198.3433582	473.1714371	1337.368233	4247.947251	2754.457112
C5AR1	92.39233333	64.88366132	71.29814039	24.57422621	170.9594157	4237.561451	262.8037637	1920.668117
C5AR2	8.032047496	16.66742886	5.512627066	6.818438323	28.87408345	56.84374943	16.69585423	59.05366978
CA8	17.99617948	18.54386568	13.31718235	16.42178108	14.46846851	14.00907196	31.46897563	13.25016669
CAMP	32.24981999	29.66511957	76.14506063	101.7397638	130.333791	126.178855	81.65650077	105.4403669
CASP5	16.22879037	25.41117138	20.72194816	9.073509293	57.15128061	120.1766089	518.0757148	31.73041766
CCDC102B	7.52422977	6.165616203	17.7200176	13.31038127	3.261428192	5.674857963	1.538367713	2.556420269
CCL1	9.151450435	10.41823708	10.7845404	9.669430796	29.60547378	11.12331494	13.39276407	10.20717886
CCL13	195.3507704	171.4302952	120.948249	118.4029297	96.66643251	87.08769892	182.2839096	6581.432651
CCL14	70.01715851	58.91915912	71.06446098	91.76959128	72.99488239	105.0702474	1233.172359	2459.096418
CCL17	42.21616032	58.99587921	78.50428281	30.30478142	38.77174192	67.76049878	55.41158071	620.2134606
CCL18	19.93877192	21.68816978	35.31761702	12.82579482	79.51319871	40.68134871	1252.527933	12334.37123
CCL19	78.52160611	139.7443318	77.62297831	60.92923205	146.4600699	115.5525527	32553.88074	137.0742038
CCL20	39.50876033	26.99246182	61.54110043	29.40136468	20.31818041	18.85113165	724.6148681	12.8049967
CCL22	46.07125476	31.32507211	24.03529684	27.87853733	76.9655571	33.117333	464.9729614	880.2022045
CCL23	19.74347261	16.59253631	15.31837372	27.6569304	43.88212709	37.98614378	615.574234	5505.223986
CCL4	1661.464071	817.4816647	2564.294556	442.4757485	38944.01868	3000.888772	11885.1113	3139.008389
CCL5	19.56849893	88.23956549	11434.94887	3143.971755	11744.53738	102.8425968	16862.16904	250.750217
CCL7	80.54919503	45.94840622	54.29720304	38.5055913	21.32839265	36.20654238	241.0650179	85.74723008
CCL8	229.3383995	97.02939896	35.05420149	64.22389989	49.04713211	126.7672449	4535.517152	2829.09296
CCND2	299.0433892	447.6145479	682.2085787	1162.572673	6016.733404	196.775837	81.43053168	108.189616
CCR10	52.98873326	92.31546536	130.744128	282.9223926	50.05941379	68.90758909	57.58401637	73.7311384
CCR2	420.0370653	360.0216463	312.6203444	756.5516447	97.00535628	2908.726283	80.9645004	74.52120484
CCR3	135.0222303	31.14530202	51.21539926	88.58205857	81.07845472	83.4012701	59.88926338	39.09280883
CCR5	98.76355416	93.00951267	992.0442583	462.1524294	1425.773385	489.987509	1493.347557	787.3000077
CCR6	327.4987971	331.0843447	173.0896162	486.3438163	122.9424087	29.59035049	25.58895596	29.92011687
CCR7	3811.326733	1939.045683	5074.201816	2693.556404	482.4429323	165.2353496	17366.91051	123.7463123
CD160	446.1294222	281.8251718	1145.34982	125.3243228	688.496341	93.85626167	67.99945866	36.95107529
CD180	1502.166724	2247.885466	78.77964471	37.96319899	30.94941671	576.4469199	120.0804247	2787.643912
CD19	7315.689158	5295.93686	132.2416591	55.61361754	98.40190703	164.9026221	106.4449014	146.6235694
CD1A	1294.174017	818.7834717	208.3949257	191.4053509	145.9248694	312.0225877	160.945247	156.9391502
CD1B	1351.157456	338.3307439	55.67758898	192.5532686	109.5758377	198.2817057	76.0826143	132.2193618
CD1C	1349.225244	2899.133023	44.14189025	204.5100438	30.67802465	526.834127	22.85969301	167.5032595
CD1D	243.5748238	416.3030749	16.92273192	10.79075018	17.37783232	2785.253606	373.0594532	39.50876033
CD1E	53.25152761	49.96271254	52.56295023	55.87769713	34.07711005	91.10615096	40.47880872	112.6050172
CD2	419.4350192	409.5822139	8182.951228	9578.936337	3097.47128	222.357789	112.6050172	188.1947985
CD209	68.81156687	26.73032883	21.6089747	16.53368601	31.86953296	84.17376676	190.945084	2758.297802
CD22	3293.629651	1803.150148	37.47048645	54.37437693	32.52035914	31.15232509	62.36131967	221.7347708
CD244	59.70898915	38.51177638	623.6947469	69.11006059	1702.765135	828.4298346	46.7586588	96.28143387
CD247	23.66779296	53.69027623	5508.526368	5318.708728	15108.26954	35.27406041	26.9337182	81.83870096
CD27	388.8197482	4138.587476	5506.313911	4188.175594	127.3316351	136.4091916	137.4401366	136.436149
CD28	170.6541081	183.9284292	527.4027958	961.774233	71.78378935	79.14901833	64.48080982	207.2614073
CD300A	30.69853755	77.94519325	738.0313132	414.3723032	4668.361682	2187.807203	211.1048289	1737.241257
CD33	25.374709	16.71748672	21.33635265	11.69136762	14.20413975	1494.400184	241.8450557	562.1160422
CD37	13247.62405	11610.29035	4472.430176	4287.536344	1604.568691	4508.112105	340.0169777	2337.797784
CD38	588.2648306	659.9477137	318.883456	205.305051	867.2194289	237.7018615	12009.36242	642.6104871
CD3D	103.2248459	174.4025802	14396.85632	12009.36242	243.8532814	79.18206065	26.01377304	12.22050099
CD3E	1233.172359	756.7993492	5787.182458	6370.192958	342.1231155	225.2808846	172.5351641	175.317922
CD3G	55.98119171	87.6081271	3348.560467	3066.253514	117.4404361	31.97464945	22.5839555	15.49172903
CD4	138.4573773	118.3512664	164.9509326	3710.379943	75.96955929	3343.906153	1574.336844	10105.34674
CD40	1493.347557	1328.267122	203.0571538	168.9573287	204.8063535	298.5733076	12966.60573	643.639203
CD40LG	65.37231327	51.83259142	186.4853205	852.1721059	52.25679554	24.75213495	26.39060217	32.06615205
CD5	482.7709118	212.2007839	947.6570017	1734.374565	201.6701633	312.9288878	285.0923469	188.25878
CD6	75.85653173	91.34978305	1720.140098	3148.85189	348.4243243	90.96996824	137.1320082	88.93386715
CD68	3.286119074	8.41213334	51.10845475	15.76945271	13.92293323	806.3047213	748.5959447	2770.911453
CD69	8246.962733	5037.059721	3798.407191	5489.202469	5471.704926	66.10288756	59.02137051	28.81247015
CD7	15.62904812	17.28012062	2234.707961	1507.773715	2106.83981	20.48373388	13.36812571	80.61769372
CD70	294.6566184	647.9228093	247.6214563	266.2959935	186.4718703	189.6644237	365.3486293	116.8363113
CD72	1434.004736	194.0589782	18.8127059	8.195551244	21.03489045	9.096324111	9.588069329	123.9520803
CD79A	12117.94539	9835.923	425.4456431	161.6033691	139.2030869	174.974517	108.8170218	63.57950923
CD79B	5975.189254	4719.84198	229.2346632	341.3861217	254.4761746	158.7986952	64.07909887	79.32420695
CD80	131.2576257	345.1713796	73.52859919	92.39233333	139.2568175	148.4294518	3650.811207	160.4810794
CD86	354.7433616	599.8609321	108.8922088	95.47693449	87.77041198	1398.4001	1444.502959	2791.659069
CD8A	564.4780916	348.1087905	9990.737125	147.1712529	1190.400365	203.576442	45.89341104	63.47614462
CD8B	21.53089091	18.55930203	3697.963718	16.54639136	16.68319539	14.49443263	9.306658239	9.973398059
CD96	140.0696821	182.4215585	1718.974851	1571.924274	2127.768209	35.69766875	64.30250203	32.94807285
CDA	7.453474496	8.282139574	10.06514533	14.73210587	8.147551977	1040.419935	8.817496805	28.81247015
CDC25A	14.44417944	13.22104832	9.90420085	9.040054131	142.2923317	14.74858062	22.0447246	14.74324112
CDH12	10.62580967	18.14764196	7.907398998	8.59290329	9.729238863	9.440421022	12.51970773	9.085608856
CDHR1	15.70334805	21.35717484	32.70000097	12.73061175	29.5032353	10.5027912	9.294987078	23.8492483
CDK6	30.69853755	23.04874713	65.1412171	99.98686977	289.5847031	21.06647043	16.71107549	12.82579482
CEACAM3	68.46140597	61.8011542	69.08981156	55.44751849	109.5758377	242.1017704	123.6149862	113.8352122
CEACAM8	77.91715796	86.88656507	143.8250498	73.7311384	162.1045877	6.650645086	14.10673265	11.65755142
CEMP1	28.85299608	26.05680615	9.51802003	8.245074698	47.37880726	12.41773777	19.10532833	44.64572595
CFP	4.573719127	4.646460043	14.38688428	50.46125007	6.982740503	3702.502521	219.1912001	1971.112539
CHI3L1	9.040054131	10.11185342	13.16060514	7.285693652	59.67623931	12.16796964	3395.663462	2050.816822
CHI3L2	574.7325605	445.1279343	362.8779127	312.1882039	170.2202856	200.9927361	1765.552386	175.3835932
CHST15	375.0617962	380.4544171	37.3682688	41.68602369	21.63834323	3334.89402	103.4871553	1051.6856
CHST7	15.2998514	17.07503774	26.28908826	367.4048158	23.03809769	291.0641772	350.8883739	421.2349567
CLC	317.0133169	263.8099578	91.38509289	110.2519917	237.9275689	86.56595204	226.7134742	172.4089256
CLCA3P	17.20651635	25.26232098	10.28448645	2.307902038	1.761755136	2.691185739	0.251594145	9.029403736
CLEC10A	110.2519917	95.48720378	80.05432796	77.30955315	61.70274209	481.4264713	69.39655423	5770.127086
CLEC2D	1012.819733	595.0445595	1510.850313	1711.865828	344.4100434	93.13451585	1465.741277	187.9865712
CLEC4A	270.684059	105.2173251	43.67169279	19.995556	39.06798479	2802.254283	51.67871576	6742.94324
CLEC7A	148.8556127	142.0062175	86.04241069	89.98404196	89.37299011	6165.953009	283.2038076	3071.447657
CLIC2	8.195551244	7.671472425	6.339831804	4.799625554	30.3854209	103.5590934	1393.382865	2233.164343
CMA1	77.95639785	68.10609278	25.22954469	46.6365232	53.020637	58.76829357	65.76280884	64.11513732
COL8A2	135.2230196	73.45098986	60.53487072	61.77215124	68.46140597	275.8747733	33.84353695	151.5623553
COLQ	28.85299608	27.39812397	152.7740895	135.3256446	351.0163026	33.83180651	86.1812316	128.1562926
CPA3	786.5967435	653.570348	147.6958112	243.2991012	308.1273629	135.1465191	247.6828366	206.9088618
CR2	1471.268235	559.6347831	245.2703384	67.24739132	64.40632604	35.1557773	55.67688175	39.48271435
CREB5	30.97425375	24.5582079	12.41011504	7.370460489	14.41666747	360.9106341	11.76274946	59.21766228
CRISP3	27.37818895	16.54772888	3.235495107	7.582193721	41.73838224	5.032005451	10.66334011	5.556158206
CRTAM	54.88908823	66.10701896	1443.48038	114.0594238	652.8575264	212.0416867	38.22269719	85.70898291
CRYBB1	8.51087882	9.160277762	8.78944775	10.6390921	7.972776848	9.396148118	12.12718124	166.9553981
CSF1	22.1078749	21.81521667	22.99418539	32.27097928	24.48518696	24.56893179	35.28849776	23.12217296
CSF2	24.24874392	18.24411695	24.4197256	25.87142267	741.3146239	27.09459243	18.82453343	16.29360796
CSF3R	99.76628743	29.61360061	24.3859179	36.16508067	45.2333023	2331.948628	860.3372222	737.8599039
CST7	29.71165699	21.33475082	5181.597893	1470.064999	10179.78364	63.6732263	186.8061087	292.5617552
CTLA4	19.39158332	12.05483904	19.09265901	606.1036832	18.71219759	18.619765	8.580759955	18.03666634
CTSG	247.7712501	204.7033855	113.3980465	81.23896111	105.3144058	88.12615549	88.66013895	141.0660169
CTSW	16.65790643	14.10507421	4894.215252	963.2767736	10811.41236	16.93731154	13.08202394	26.76355546
CXCL10	761.3944185	395.6381026	157.22658	152.9758784	1510.914551	500.9300164	31273.67963	278.3434035
CXCL11	90.26229276	71.79483122	22.77124293	14.33061258	183.3079432	38.41873667	9059.841342	29.35940998
CXCL13	50.1800947	22.77083572	22.35743472	8.95713845	16.12512522	10.31783604	627.930517	16.76076868
CXCL3	73.07039801	28.30659504	26.71170482	30.02788375	30.21807353	175.8826199	271.246673	233.3303549
CXCL5	94.16490321	83.04902879	18.42018765	41.21600403	29.07388553	32.93471403	91.98053835	46.38135018
CXCL9	597.5841917	438.2088306	125.8362376	151.5042347	590.3615841	265.0825127	38944.01868	199.4359175
CXCR1	260.5780432	187.0592932	214.6841388	253.8205315	417.1870896	82.78141165	61.26982624	53.22101207
CXCR2	26.76355546	12.64597482	73.61765642	20.88194891	280.0023863	408.3528365	174.1206652	64.07909887
CXCR5	368.7814351	298.694373	32.70801147	181.8245372	15.13101608	14.61246054	212.2750073	14.43114488
CXCR6	143.966553	137.922284	239.577985	190.1248095	139.1507517	89.88376184	68.56018671	56.08489855
CXorf57	39.26542516	19.44447612	102.1724937	111.2439257	77.38738398	8.024895821	6.694465385	10.44585498
CYP27A1	28.17031886	29.93010894	35.11559608	18.92107732	30.40510025	761.5963848	72.62100796	75.71085354
CYP27B1	839.568697	393.1234511	123.385104	112.6050172	117.9119847	96.6530619	6662.564771	145.7011205
DACH1	8.110268958	6.614252509	6.072925338	6.332890006	18.5565618	63.04081707	4.273621867	8.23248634
DAPK2	50.49233083	52.66107689	36.778245	53.08765217	65.98252315	50.3687963	35.145174	76.65867431
DCSTAMP	38.69538004	19.46232551	45.95452314	19.29191355	85.31836726	100.3959971	171.5562529	278.806442
DEFA4	364.8313155	262.8085775	580.4081606	252.1933458	224.7841847	108.489886	76.11959313	88.37677893
DENND5B	47.963256	82.49743428	4.937003728	6.171513508	4.929861418	5.019653713	7.808323788	36.71555117
DEPDC5	23.00370479	33.44683221	42.10826584	41.85091261	143.2597854	40.17793365	168.2830482	190.192431
DGKA	426.967722	460.0096029	2223.016764	2690.021108	301.113803	300.9545855	169.0248855	215.9013618
DHRS11	53.98997768	69.55072395	88.61812105	27.7175438	85.55342451	46.95962914	18.60026599	242.6906605
DHX58	13.86362993	16.88361737	67.97505932	30.99587635	29.64538132	66.42778065	1394.307066	233.5831274
DPEP2	695.4566346	459.3705381	469.0254782	631.2800075	22.1565212	1471.477094	16.21638188	2410.189476
DPP4	19.45168576	16.56719599	686.98687	1042.227242	391.9641115	19.65506451	175.6975199	32.80967907
DSC1	82.26251271	48.0259129	408.664347	15.6035437	23.81586063	18.85006161	11.66918119	6.707735929
DUSP2	13.29827708	139.2748932	4083.939908	2005.427058	307.9165172	404.8953793	567.6636334	261.4949956
EAF2	3181.18246	2020.339327	219.0176307	138.142275	184.1015768	683.9617628	284.1304512	281.4216469
EBI3	10.50267123	16.93649086	12.21399038	11.53252065	16.85549775	12.4947299	20437.69231	311.2058679
EFNA5	5.427660306	9.117018877	12.03201722	24.29954135	43.79639678	16.87392513	64.26624737	56.80709441
EGR2	122.3401907	98.24319728	35.39583074	36.23835539	1331.912221	466.5929482	23.08754551	2175.756551
ELANE	11.04729816	8.908551164	103.4864778	12.43682411	167.9222444	28.96336488	103.3533021	206.3156576
EMR1	499.0111023	383.0612119	195.8964573	312.812165	188.5213167	1815.513906	3528.214438	404.3935503
EMR2	145.9766252	106.053844	43.05953599	83.26351882	87.43886769	1319.424101	1516.793563	363.8164437
EMR3	55.17004911	124.3420312	104.1704046	63.19960659	64.8769987	379.6236682	13.53604074	5.690710112
EPB41	21.98416943	67.00924563	235.3351386	385.6302551	97.80292842	25.10456886	7.165488052	25.55686935
EPHA1	47.02936831	46.76894576	400.0482873	292.8838925	99.21173158	63.80169822	45.61964119	38.90350151
EPN2	46.90834881	42.21678294	31.50834858	96.20392388	27.97705381	32.43586908	30.74111032	22.48126594
ETS1	988.8726693	792.2524045	613.4935899	1902.189462	696.2669173	85.66933558	130.1202875	75.4038863
ETV3	37.98662268	36.84623894	49.08454024	455.2117491	38.00908858	40.95675962	90.34410993	33.76856098
FAIM3	11191.41447	8362.288551	5723.984822	5134.615329	478.4201622	117.871065	53.69761011	157.4129632
FAM124B	21.67016354	15.40803255	14.04816696	20.50088961	18.188607	29.15950369	9.129359328	22.79147187
FAM174B	117.7226808	92.46718738	94.16937409	104.0881916	37.77736037	39.85052889	57.84876862	68.59561619
FAM198B	9.800664188	16.43893928	4.526894401	8.45170015	10.27433459	515.249292	36.63587146	398.2258384
FAM212B	49.97014577	48.44610942	23.00981627	25.23626149	20.4848163	95.87273144	15.81931361	15.45266056
FAM65B	4719.699579	5267.741473	3376.093302	2808.159439	696.5310083	2428.861545	193.0268711	86.87890188
FASLG	342.8390554	274.6088916	169.2167794	140.8491762	2218.049204	108.383093	80.50952615	85.78259883
FBXL8	7.713639432	3.515112115	91.19310135	313.0593206	32.60848091	43.1055926	148.2319802	114.7348137
FCER1A	106.1351171	80.99986492	111.3010937	129.667324	98.18855945	622.2119019	56.54869661	801.8866109
FCER2	990.3077473	210.1913338	8.626141867	10.14786303	13.36812571	12.66527557	10.52617889	352.9280319
FCGR2B	3389.8606	4533.908058	65.97309417	30.69853755	181.4820226	287.6388369	311.314882	1548.943526
FCGR3B	434.6883898	191.9423831	178.1993614	133.7448215	369.6606901	402.4458452	154.0822062	155.6717837
FCN1	160.5487443	92.91123613	130.0754644	98.71765801	121.8089713	29800.42108	306.8296547	593.0958939
FCRL2	4384.737162	3466.953007	73.7221496	55.77947477	49.01458544	47.6563456	30.94941671	17.75900367
FES	8.544430362	8.676013229	9.520155138	6.024967349	258.841965	826.5409485	20.94215824	982.2000845
FFAR2	12.83845224	15.54382491	11.77579288	15.89364427	13.44126834	101.05938	454.5513273	87.81654144
FLJ13197	129.5124355	51.64103294	167.3200623	110.1171051	36.95107529	15.24807194	15.19584325	10.88684503
FLT3LG	26.22845437	56.33557728	1267.031752	1471.268235	367.4048158	69.27835254	18.188607	60.37056445
FLVCR2	69.18049192	86.59482486	83.37381583	145.8719106	88.34055902	566.9712028	1989.419532	951.2228505
FOSB	200.0093028	243.4082578	41.65285438	59.70898915	31.75264764	3422.450435	23.17042572	22.49743226
FOXP3	135.9782583	93.5353139	65.14694151	190.192431	56.57949837	76.15295297	171.731211	63.79022174
FPR1	361.3212533	387.2639146	210.2034137	240.3083941	303.3669097	9800.634834	801.8866109	408.5415267
FPR2	227.4506603	162.9187996	54.91749032	57.00754952	69.04044011	964.2419055	274.9365739	95.43864594
FPR3	325.6674246	243.6605005	105.807962	116.5979064	94.70041249	203.421307	608.2692535	2357.542622
FRK	138.3048999	125.3630578	26.38936082	5.639101241	6.694465385	7.43265118	3.762990897	3.129845825
FRMD4A	57.81750686	73.55800845	49.31923782	71.89460431	43.21756185	52.74025927	256.1732314	1094.097795
FRMD8	197.3732828	150.7395951	28.9702418	141.1237411	162.813157	247.2516889	271.9483575	170.7725366
FZD2	40.20305932	10.76683514	13.86980966	6.482478073	11.61080204	455.2912189	409.5554813	777.4188883
FZD3	121.5674974	138.3505755	50.26515479	39.04159069	38.82769283	39.70835546	32.63242659	195.3507704
GAL3ST4	69.54706802	72.93354863	335.5930908	238.0119755	36.41518352	44.09898382	40.44995594	141.0660169
GALR1	2.661554274	4.348941107	3.908160923	6.212037366	3.69898121	4.179834102	4.897631255	8.968861076
GFI1	27.63680315	25.20303785	293.640883	132.9727705	394.3207649	19.38352568	24.66700128	26.60841604
GGT5	11.49823256	9.101161188	12.99967839	9.261514296	13.68021641	11.13018839	290.2150742	407.7940357
GIPR	8.245074698	8.69890136	10.90883943	5.19508538	11.72814867	8.506723418	31.73041766	23.65144355
GNG7	768.0078466	1494.305763	133.5514698	104.2562884	53.08765217	112.449475	94.49057817	243.4861493
GNLY	9.016559093	14.52025513	3732.536058	1198.37505	23235.35012	19.94743339	20.40693277	15.74284151
GPC4	126.6902267	73.41170643	43.02443597	77.95639785	42.58445228	56.14456485	129.3188315	145.8719106
GPR1	3.129845825	4.79850122	1.559283973	1.244201526	1.863695454	5.245664557	0.972464723	0.453354164
GPR171	33.51495052	22.98219258	924.3717963	969.236538	1041.132076	14.67922106	25.51768362	54.79422344
GPR18	3056.84082	1822.014185	1037.066376	678.2573057	2025.829576	109.6660347	51.61492393	54.63497421
GPR183	275.8348106	2308.149818	630.5280037	3012.768061	201.5996553	196.979149	1631.804333	2474.434424
GPR19	27.02537152	36.08351025	40.61246787	71.86055345	65.65533364	19.81202335	10.56154776	11.00115106
GPR25	4.292572754	29.42735453	28.7191378	138.1919025	21.43533197	14.04592183	27.36083709	14.41666747
GPR65	507.5709281	490.2704567	1518.573945	1499.931247	2137.237334	1473.160908	263.7450621	993.5543835
GPR97	154.4101049	141.428644	104.9389313	138.4573773	418.1169425	71.26388228	137.5495819	92.19065542
GRAP2	12.62708927	15.00203046	280.9234111	269.2219489	307.2558216	11.82509864	15.99426095	20.12785138
GSTT1	6.958858985	12.48982331	18.64410933	14.99403456	15.76945271	17.31196185	82.52506061	520.5704059
GUSBP11	8048.07448	10388.03123	521.3361484	151.2654723	98.43888337	43.51505491	14.61435957	286.719961
GYPE	38.71816582	61.40275529	26.87927605	3.69898121	24.75298907	6.627731906	7.071638638	13.09271261
GZMA	204.958358	217.1903236	6301.839315	4034.52042	22380.29444	132.0433731	109.7080589	68.0390322
GZMB	102.255299	68.32230989	2080.697741	58.9177582	23235.35012	61.71915165	159.2974346	111.0281937
GZMH	21.35853068	33.95743123	8555.821981	630.7749174	7419.827913	36.90093477	15.89364427	14.88173325
GZMK	184.0395826	278.1808222	8814.387272	3724.329794	233.6749633	67.13748264	107.0724606	24.66700128
GZMM	6.305414565	16.45527256	1048.989355	884.0128037	2616.387026	13.20630847	29.38087813	10.33284771
HAL	380.2322774	308.5027329	84.17530879	75.48182942	96.12281291	877.1793038	90.95985764	76.24018935
HCK	273.5706061	489.3443473	106.4569423	80.31784648	184.1658664	7368.002228	8146.586422	4811.755806
HDC	147.9736788	177.8451002	123.8596636	118.9595662	150.8083027	129.5522336	200.9810494	172.2889652
HESX1	6.869435614	5.810228378	7.046990167	5.971548735	9.195676707	8.365084929	2324.301051	100.3133583
HHEX	4489.488986	2773.84053	139.0353705	105.0214682	202.8459866	1914.137567	66.50542817	566.3249387
HIC1	5.092351833	4.093578948	8.159927666	5.971548735	41.82249473	7.017818913	12.57775597	6.223850888
HIST1H2AE	35.26722995	21.8243194	29.91298037	45.64822436	6.198523194	8.28188422	6.332890006	9.272327825
HIST1H2BG	17.44318854	42.30455978	78.31604621	190.054614	11.21409988	23.39236935	10.13745863	8.737345423
HK3	12.94364358	9.44765425	21.81413027	12.81515335	32.40772779	3103.136582	31.97610013	159.1217051
HLA-DOB	6607.334733	4832.779431	212.2757519	47.963256	188.3202183	102.1825691	1573.187324	41.5765162
HLA-DQA1	942.7749076	1379.121703	173.4117383	106.9349988	214.9325691	275.3534268	4169.716387	5225.867112
HMGB3P30	30.97425375	30.88530653	42.79987867	52.31915781	62.1534728	27.19577484	55.10360905	37.55103381
HNMT	61.73602193	55.47571769	19.61866274	11.06762282	13.5847049	815.4265044	161.3031858	948.8385009
HOXA1	12.90856012	10.23319877	12.85536224	6.91970575	9.61033962	10.68723722	6.869435614	9.891781855
HPGDS	203.7910498	224.547027	83.72110944	182.147041	148.3391263	36.75265198	64.8769987	138.6741034
HPSE	30.8024485	29.58277474	55.34751097	207.2614073	54.88908823	1285.833086	841.0904631	894.528267
HRH1	206.5394742	165.4581351	75.97436695	101.1491714	42.47010982	72.1745748	145.2834807	2195.073255
HSPA6	70.64960056	148.2879125	106.7169109	21.31200497	284.0317902	641.2142131	139.8627137	207.4981375
HTR2B	6.171513508	13.11478166	22.71063607	5.822857646	6.958858985	13.85052231	31.86953296	216.0502815
ICA1	191.4053509	115.3270172	134.2533776	289.2721081	135.275358	183.2555042	192.8882167	157.9232363
ICOS	6.458825767	8.407302028	194.1905981	786.5967435	22.53108052	5.362446048	18.58723205	5.065226719
IDO1	241.0650179	312.4524995	241.3331484	248.9097098	671.6285143	269.4662793	26473.42255	91.36792646
IFI44L	24.57422621	37.30993947	84.26221988	127.385545	311.314882	307.8493777	6016.733404	984.7302507
IFNA10	63.51120873	158.4224613	12.57137446	13.99751273	13.16479841	13.10429637	8.485896389	7.997120003
IFNG	233.2462403	168.0836515	249.0786281	142.1822906	3575.236664	108.1486375	96.36432219	71.1513012
IGHD	10811.41236	2526.481303	62.3476822	26.14159933	21.68739568	50.4303708	97.72702921	106.3962528
IGHE	18.17410575	73.92464991	15.63289317	54.27863199	15.52894714	25.291882	11.92870205	16.09778833
IGHM	21960.79819	14250.20741	361.7379219	156.9391502	134.8648186	127.0436672	32.67724104	26.51832445
IGKC	27164.52012	30254.0679	3097.474216	40.36292074	121.6124805	318.0695055	235.9541063	170.8361038
IGLL3P	6633.535586	8962.420222	217.4652812	41.51758679	62.78986393	70.0394246	157.7551766	102.1260256
IGSF6	46.07125476	70.4016677	27.09871228	48.71083673	74.41451203	2662.140929	295.0724091	1626.552661
IL12B	105.275436	89.59925365	41.94288686	59.255418	56.90002211	42.42610973	513.0848293	18.65300514
IL12RB2	13.44126834	18.33818525	95.11508424	106.8888316	1531.023729	20.50390251	14.52740162	43.64768257
IL17A	24.10976356	31.66676526	7.018701499	6.560415317	8.087608443	7.929351943	11.84351258	5.797213647
IL18R1	32.74521328	56.21530515	197.574303	243.8532814	1084.441173	19.50301241	7.9840431	32.56301861
IL18RAP	63.16533501	45.38600163	541.6070596	275.2312246	5732.166309	92.02184739	24.97523206	38.64095647
IL1A	207.8094975	114.0328396	65.8236721	89.41077945	75.92997592	61.10993853	90.02342615	27.04752387
IL1B	508.1423339	364.9197528	144.2186891	251.1017935	241.5910262	1257.182131	675.1218227	291.824541
IL1RL1	161.2444569	100.3685885	34.56285806	70.12950502	125.0829545	37.42366918	93.26068194	76.11959313
IL21	346.0439646	299.7702438	59.42001123	81.58442785	68.0390322	103.5720427	59.64008096	42.67287335
IL26	6.120665994	7.623841163	7.410920044	9.532387256	5.136655175	3.424557859	4.330193687	4.366178616
IL2RA	151.2654723	216.016679	85.8239546	360.4452087	628.1600217	25.41115885	3963.774053	146.4600699
IL2RB	2118.459057	1945.518804	4000.216538	2988.605281	19190.61594	321.9612928	221.9788101	172.9682935
IL3	20.12785138	12.58545616	9.157134905	8.603842518	28.81247015	11.52632712	10.04573553	7.30958941
IL4	10.0823446	28.84260472	13.17067743	10.77863651	9.624468251	8.872339575	8.673663183	7.429093546
IL4R	11009.29392	1883.66674	884.659355	1148.814515	1609.901147	1192.215763	3007.592556	846.6140012
IL5	6.618252721	11.61192289	18.71157669	35.07363094	13.81492461	11.47899088	48.58576071	18.8378526
IL5RA	122.2890422	101.5434264	42.9451164	63.93112851	44.27072755	41.02366335	43.73965746	22.0447246
IL7	250.9247833	611.4516464	41.57938135	69.25499148	26.22845437	51.3943268	133.4873015	79.20083093
IL7R	277.7164299	454.5504216	15195.16858	18085.9446	341.6294609	163.3050166	2163.365124	85.59144108
IL9	60.05830259	42.70618828	43.06562332	89.90011254	31.82797542	15.74553195	28.83176888	10.07084824
IRF8	9506.386392	7886.092193	350.3493603	45.41225697	2594.872072	2458.705658	12117.94539	3495.416283
ITK	468.9985735	409.7558423	6471.889098	7704.627853	3981.741268	124.1014103	90.2244571	71.26574474
KCNA3	306.2764477	411.3873405	573.9051164	975.6549806	577.1730417	143.5528595	129.9134995	20.61657512
KCNG2	12.5310046	21.62331457	18.15238454	12.07805481	15.86814667	18.84293691	32.65230838	15.93115384
KIAA0226L	7209.224512	5267.694585	41.69784069	64.8769987	30.36307028	176.3964323	210.4700584	711.6687161
KIAA0754	9.870549848	7.165981269	23.11849958	7.879203828	150.2587239	44.79047534	414.8050146	157.7551766
KIR2DL1	7.406441697	5.157127328	8.01647279	6.332890006	532.2521388	5.116435124	8.603842518	8.522115249
KIR2DL4	331.7763894	242.5966898	122.2246008	79.00529624	1692.521387	128.8246048	300.0125058	75.07815363
KIR2DS4	621.6999538	437.1452806	280.1613018	120.4987696	3017.546724	129.0849772	136.0850535	62.96408983
KIR3DL2	12.24576038	10.57912504	22.06039056	9.251047619	1163.915182	11.38893073	28.01546378	13.76775417
KIRREL	15.52894714	13.70655219	34.23347857	9.694581053	12.13897809	13.64075973	22.74378501	37.96319899
KLRB1	119.5727193	241.3252476	8818.269216	10026.23944	5576.724303	90.24623781	33.3990692	13.5124231
KLRC3	13.84066629	44.61637486	724.7758509	32.02053189	662.1427421	12.58558886	14.44417944	9.753147704
KLRC4	68.25016134	85.07512829	218.1751146	17.67634993	119.9854466	20.05492885	17.06104789	6.458825767
KLRD1	204.0068731	170.2059521	1670.271427	207.8812187	6195.927488	81.02147756	62.89115552	75.6389405
KLRF1	153.1504496	198.6098814	851.1875307	127.2371142	5911.213148	100.1145382	76.15970242	182.5359056
KLRG1	1351.157456	1076.359373	3859.14824	1939.944493	912.2671752	305.4474128	253.1007469	148.5655127
KLRK1	670.2708554	280.4713279	8228.460511	276.2455792	5454.73273	78.91616578	38.56086836	62.47198947
KRT18P50	23.97041806	28.15146632	23.80795592	22.87490438	16.91790381	58.20626127	56.97214117	20.17213484
KYNU	296.2994306	573.2552275	45.94858696	39.20610994	66.70647411	858.7450615	6316.573655	1059.119128
LAG3	36.29565926	8.732532802	521.3214165	175.1856105	23.50429099	7.92284356	1427.702674	97.67723625
LAIR2	424.4791722	238.1828119	1078.390893	371.0335929	1637.522871	103.0030242	207.8812187	88.73958185
LAMP3	47.28278554	46.66817965	134.7841361	160.3048593	418.7096295	38.76231871	17116.19562	113.1413857
LAT	157.4129632	133.1507052	3224.978584	3282.260737	1262.245177	239.5833162	162.813157	181.9526719
LCK	337.4400897	327.1096376	8763.864592	7786.120969	2808.159439	80.75884433	25.99553349	22.85969301
LEF1	30.90820518	28.4865918	1204.840659	1154.223661	115.8526336	12.54164279	11.83156209	15.80624293
LHCGR	154.6890469	195.3792191	9.897454754	8.255798098	26.06781415	11.47012114	23.03809769	22.03161941
LILRA2	20.88194891	19.97153628	20.16252339	18.02258618	38.77174192	1764.823942	317.6856228	220.1788316
LILRA3	7.153043448	6.787328787	9.02114446	6.052620848	12.10187282	880.456908	973.1747582	154.5203653
LILRA4	33.02123349	111.7082404	24.77824314	57.84876862	18.12117817	65.68769791	92.50411622	38.58613078
LILRB2	30.88657745	28.11397271	25.57422148	9.996682874	36.09030097	3344.118855	4796.504314	1185.826811
LIME1	23.92087663	43.82308141	1287.731562	1225.59738	47.46263396	78.16252525	34.53702578	50.33543999
LINC00597	15.98296208	18.32668535	6.841729202	3.681017104	72.72761985	23.18626902	87.56074506	126.3468697
LINC00921	675.1218227	227.5869807	132.8112012	146.1436716	70.47336347	69.03803764	43.47348792	70.79707101
LOC100130100	19.84751256	28.75087131	23.05076042	16.09778833	14.70906515	16.13831431	15.93115384	14.61435957
LOC126987	135.5693196	103.5430592	72.45319298	91.28169833	76.62216013	68.19210687	120.1283625	101.4058634
LRMP	2106.83981	2947.585258	631.9125478	327.4987971	436.5800269	1048.681062	38.79936244	773.4916653
LST1	29.98420127	20.94422774	520.3780954	332.3730932	291.3221307	5975.189254	2243.545374	2286.079952
LTA	11.68110017	12.01527664	21.16573991	27.69750654	2880.862643	12.51621864	114.1041953	14.98197508
LTB	10351.64143	12117.94539	9829.724672	12009.36242	16862.16904	321.3564756	116.2863022	161.002021
LTC4S	61.1295924	25.94383276	132.3582101	78.40840372	97.97552647	91.87551209	145.9248694	581.6689523
LY86	6947.982466	7763.972248	382.951912	198.5520941	224.0756082	5218.063407	1246.621776	6395.572444
LY9	289.0732036	607.833791	1310.964334	1298.433446	28.5057754	30.00087721	28.29412112	252.2799806
MAGEA11	21.99996581	32.72734275	20.72781035	46.81934	10.00970252	5.93274616	6.881696305	5.473565526
MAK	20.11347878	20.28901775	8.152190939	9.822978292	14.95790508	24.81417634	40.72370334	106.2299542
MAN1A1	293.5258353	262.0187671	239.4182791	219.4246857	308.6636084	205.5255231	493.8657698	534.8061268
MANEA	3.436589508	17.60224736	52.68877507	63.61546587	132.9727705	67.09972733	81.69270078	117.0081644
MAP3K13	5.152513024	4.887907798	7.381955365	6.382539853	6.292627292	7.051783275	37.08407242	7.843078446
MAP4K1	48.65001463	923.4585215	1721.22046	1387.561664	451.4493332	317.9668785	31.1038533	367.2710553
MAP4K2	10.65044684	12.63242373	17.70603378	20.0115018	10.43288028	12.04202684	9.050871942	11.5997819
MAP9	10.29840785	13.08373168	93.40076641	25.30523597	43.71021332	1.421006596	2.387820415	3.785240835
MARCH3	611.9846331	264.9416398	78.87501105	78.59525306	194.2572943	103.5658121	328.0740952	56.54869661
MARCO	9.029403736	10.74173048	14.45792523	10.71025113	13.72935017	236.7362055	48.77266347	117.1511345
MAST1	9.251047619	14.90583928	6.640168162	8.220261044	7.644655016	8.492607794	9.151450435	8.533286435
MBL2	59.05366978	96.12663648	2.661464134	6.171513508	6.332890006	4.939369175	5.398099627	9.195676707
MEFV	27.28348256	27.22990284	10.29578093	12.67206304	14.76826697	552.7124986	10.0823446	9.173433177
MEP1A	939.6261506	391.2004498	54.17625589	141.2290524	89.41077945	98.26125945	25.48235387	66.46616213
MGAM	8.043975587	5.311140732	3.964324624	6.159428432	47.87522011	159.713285	5.166817607	5.665802146
MICAL3	328.9820884	319.7728118	100.6010965	126.6902267	117.9119847	15.57018571	25.35785089	17.81194748
MMP12	746.9258791	488.893271	79.27159307	114.8747346	84.9536497	95.85109514	399.1895721	221.5740634
MMP25	136.2875659	125.5332669	211.5319494	168.1540221	457.3283307	446.4796965	1099.921767	583.9384858
MMP9	338.94428	388.1056494	286.9137339	395.4202673	284.1304512	335.4295326	2727.981464	16386.05747
MNDA	29.5032353	276.0791648	50.81863936	8.750532337	301.3206314	11447.56145	4016.523813	1867.617958
MROH7	23.05515036	26.76307736	28.67423007	31.49065027	24.83406901	31.92868262	26.72336531	24.0216752
MS4A1	18085.9446	17478.14564	343.9223112	220.8581711	177.3861387	128.6338935	94.49057817	64.19016147
MS4A2	151.2024037	187.5914373	108.6218788	111.3833723	69.18049192	52.17720971	67.69994038	68.77420162
MS4A3	121.2914634	62.7546875	80.86216165	40.41954215	191.1348695	23.55316735	20.77904136	38.22269719
MS4A6A	1102.971199	616.0957235	221.1962643	216.3694922	191.822788	8814.800982	402.5623243	16167.182
MSC	28.93411812	44.52165409	78.78518268	85.70898291	42.30368151	47.46789206	1562.138826	101.4843406
MXD1	22.77650595	22.40684859	67.17780431	110.942725	62.75327788	250.0158171	135.7286165	26.56895465
MYB	365.4798555	297.3542162	647.9999569	269.6240292	235.7125916	300.7619354	78.10250073	118.9099184
MZB1	46.81934	122.2593141	42.83903749	9.914966708	26.15989089	24.85648896	30.4274162	33.81911592
NAALADL1	11.62316713	15.79395952	70.98305911	147.3280124	228.0189635	31.52382891	8.288872254	10.286083
NCF2	153.4955828	345.1359814	62.34284219	88.17850315	168.835817	12280.85608	762.0351121	11487.88902
NCR3	152.0118385	792.8512873	1756.075472	411.610723	3218.191907	56.94572009	105.9964013	55.94701428
NFE2	6.094544149	6.768979235	107.3563954	33.47001344	82.87062985	1517.644033	32.42880369	110.0759892
NIPSNAP3B	1577.975004	744.7742002	128.0373349	137.6053305	105.1928183	89.57172242	105.2363956	106.9349988
NKG7	6.994769751	10.33850341	8640.630717	679.6910465	14574.73469	34.65463899	217.2245766	6.547727883
NLRP3	22.14183418	20.53269856	15.30576169	48.05321317	88.89574256	636.6292677	37.67910545	322.0620463
NMBR	507.384036	573.6463176	45.63830073	31.0595517	48.05321317	77.85728222	16.42178108	35.1722477
NME8	4.031081011	3.928660473	4.66238798	3.210667699	13.4174629	14.82529394	97.09045136	422.959594
NOD2	6.932520098	10.18850108	8.398706067	124.1410057	166.0621042	1302.129171	2182.907505	811.2539416
NOX3	12.00966261	6.682825624	7.382208399	9.107287855	7.106612265	11.17305851	9.70690203	8.992612544
NPAS1	18.22767575	16.19541233	24.54202898	20.72030953	12.95560951	14.37797149	12.49569028	17.39161784
NPIPB15	1624.147916	2800.237224	315.43784	753.235961	230.6806713	176.7823779	282.2159665	370.1582078
NPL	18.58723205	15.43171438	84.14120251	77.75838355	113.5081582	856.4061947	501.9616375	4287.536344
NR4A3	136.961868	146.6985292	83.36646929	96.79674591	142.7268857	91.30097224	448.7091592	100.4851433
NTN3	6.560415317	15.17015534	8.668709617	11.48733325	6.670735069	8.728208573	11.62316713	15.7165782
NTRK1	13.56995609	13.73659599	10.62433837	15.01956589	13.60956204	11.91460935	8.77366203	8.95713845
ORC1	23.68477152	41.00915539	48.78745757	49.69010165	199.5193663	42.26892867	21.53089091	49.33707158
OSM	2.05303015	2.708641993	3.823397028	4.818030863	172.7170749	4.071675747	3.129845825	6.319098182
P2RX1	161.7246112	37.90926885	180.7978777	119.891114	137.761379	686.8592062	134.6490049	356.2137024
P2RX5	9725.14216	9116.674392	784.9884834	770.0178375	492.8199974	175.5409499	21.68739568	20.0115018
P2RY10	436.5800269	348.9025998	319.1050423	516.3687437	207.4981375	20.95780349	20.4848163	16.64319163
P2RY13	9.195676707	35.59674022	7.470609935	6.469992914	13.81492461	2786.279688	473.3335035	2965.888162
P2RY14	1638.857158	196.0477382	154.8611784	75.4038863	215.2283477	51.7107481	21.35853068	852.5563739
P2RY2	11.65755142	13.6018949	14.97257129	11.41545947	11.91498962	172.1808803	11.44146222	9.463569762
PADI4	10.86384541	14.72490782	54.8131472	15.94453415	26.4439513	765.8740271	17.75900367	12.5310046
PAQR5	23.55278029	20.52510491	14.17914437	15.95742958	12.69616964	14.23047428	18.28085747	17.46905843
PASK	513.8685117	628.0406815	1441.389436	2312.349458	256.2684015	146.7089795	240.986393	221.4207731
PAX7	67.60022415	81.26725901	23.31147251	42.55469556	21.90774996	38.03678229	24.24874392	19.33487809
PBXIP1	399.906182	918.0224791	1520.324793	3186.537019	195.0766104	253.4748335	197.5776496	410.8735418
PCDHA5	5.122171371	7.929425728	15.43591938	33.86467066	11.39071505	10.28963858	85.93860365	8.255798098
PDCD1	103.8732743	124.685259	153.8622347	149.0261337	122.4494002	153.2622842	134.5949207	133.0710845
PDCD1LG2	17.24705732	11.81520376	12.8049967	11.03474465	12.92033658	14.01790012	448.8743703	343.4394084
PDE6C	0.972464723	3.751282949	1.934003663	6.212037366	2.387820415	4.556478651	2.992189132	3.505149256
PDK1	32.80967907	24.86674344	231.2949243	121.1522918	37.96319899	25.63097887	131.2576257	121.9445976
PGLYRP1	18.90822468	23.3446173	9.957040446	15.62904812	30.4274162	13.97992365	12.64904623	15.47869427
PIK3IP1	2462.087898	1132.15121	5245.606657	4353.539533	322.6103849	647.7544918	209.4648222	1631.804333
PKD2L2	9.70690203	6.77668278	18.90534167	11.46263134	7.924164041	13.39656756	12.7431858	20.11347878
PLA1A	35.62073897	28.11928425	16.1139255	7.843078446	12.84867382	59.35576681	2799.769624	14.40398388
PLA2G7	100.7324553	79.06118962	24.31875779	36.51263796	50.30565877	1290.202807	1679.064856	1569.463396
PLCH2	31.91347153	14.44424591	26.92691404	136.8549573	132.3765006	47.06577352	44.50406981	29.6256784
PLEKHF1	39.92144865	32.66376393	884.5112502	508.7385617	982.2000845	45.53332862	73.43952307	33.49248832
PLEKHG3	11.39071505	10.80558704	293.5247521	559.7419793	317.7910043	417.6498993	590.7969437	180.2721835
PMCH	12.39999002	10.5949733	7.056096164	14.81798486	11.09025115	9.49164333	6.066370195	7.417755579
PNOC	4198.527432	4255.796399	88.67789621	65.69416471	78.13755037	230.8474814	42.98994774	92.99539565
PPBP	112.7304414	89.83852158	61.67249965	58.2388091	17.49572851	80.46672814	230.1459177	292.9918215
PPFIBP1	68.77420162	10.81398033	40.76620059	26.78347553	9.753147704	24.45704984	6.90617027	11.4758086
PRF1	201.9573668	236.1351207	8182.518825	2130.073632	27164.52012	142.7487889	55.13574502	23.15489547
PRG2	98.84281244	125.3109437	126.6467707	139.1010495	82.7123624	117.086355	295.678865	263.6529152
PRR5L	114.4648121	191.9719939	302.0175264	230.07536	1138.959696	109.1297143	74.93090365	109.0856459
PSG2	1541.92252	1234.841312	157.1462452	214.8615441	136.1349156	170.0696655	95.30143834	126.992246
PTGDR	84.74897834	75.93103964	549.7297474	135.8294143	2044.535858	36.25887091	40.98318506	26.78347553
PTGER2	47.37880726	20.49640288	2260.804067	4236.414392	5770.127086	1154.310555	170.3953887	1754.337137
PTGIR	32.06615205	21.65542661	46.51032228	59.60491785	30.86641388	482.8617503	1832.0701	1096.655917
PTPRCAP	4113.169696	4036.430692	4378.93295	4607.979618	3305.985414	35.76573661	18.44492663	30.51218687
PTPRG	106.5825021	96.88881184	3.798829584	3.949271467	5.598819437	6.373268195	31.75264764	4.706761986
PVRIG	874.708657	1156.813644	3978.913368	1786.799569	4025.406714	99.88281165	20.76445065	113.3694758
QPCT	15.58990295	25.78610834	24.03521349	22.22269743	48.52460385	1499.926054	113.8352122	1278.360026
RAB27B	7.831610308	10.49747881	25.25617138	35.43354856	82.18072015	6.931516995	13.50066477	31.34081799
RALGPS2	1597.105013	1305.477004	57.02675161	23.42229647	32.54129812	44.85995177	22.03161941	63.44359344
RASA3	10.56154776	24.23500243	270.9813064	327.8466714	65.33110512	93.34350756	14.43114488	115.9404818
RASGRP2	5911.213148	5135.507838	2427.952654	2855.39049	256.5379971	759.9791832	120.6402118	102.0421756
RASGRP3	458.3600431	575.4533742	16.2266408	13.66874699	19.07768435	11.43917669	552.0344178	1320.702754
RASSF4	22.67712362	18.66101906	22.98193781	19.66949919	146.1955683	672.1035142	3036.440707	560.785394
RCAN3	46.66611859	40.66450557	155.029818	566.9862725	25.01169532	41.68337282	37.60063067	28.67150516
REN	63.75570668	51.28033369	30.74953796	42.47010982	26.42631865	31.44891199	29.94374704	26.03111393
RENBP	53.60553688	41.69053434	45.59103269	34.34525827	34.34525827	215.0882638	777.7696598	1584.310866
REPS2	40.36292074	27.95271373	13.88756297	18.95216894	21.71773363	153.2877211	9.789026033	171.2308983
RGS1	180.1991847	246.271589	646.7216655	1496.611591	255.510178	64.44174947	184.9939733	63.8234625
RGS13	71.26574474	70.49121711	26.92097022	22.22269743	29.94374704	18.73599553	5.136655175	3.828607749
RNASE2	186.4718703	164.907335	216.8731189	98.76355416	230.07536	3614.28076	407.2225704	677.7138981
RNASE6	1799.683549	1157.232625	17.05134667	64.4438491	14.36766267	4038.448716	306.1693936	5075.103934
RPL10L	36.038732	70.34302342	321.3503467	588.7015627	98.92836489	95.70491339	53.34937988	70.33336588
RPL3P7	76.85048537	379.4864795	1290.949662	3370.859953	55.10360905	109.4607889	39.64729475	31.93512985
RRP12	12.81515335	12.57253314	10.83222373	14.31729413	75.44491958	288.3451691	11.72814867	14.51466222
RRP9	9.544532505	16.3321486	92.36151715	49.53085908	186.6021403	36.13230183	183.1808863	91.16319084
RSAD2	215.2283477	211.2148732	164.1021811	222.8577454	666.8036659	334.986335	6976.481671	140.1673526
RYR1	108.5578105	115.9141217	134.6786684	134.9186388	76.73435744	128.5919034	72.99488239	102.3003102
S100A12	190.663133	205.6096122	103.0892269	78.96882194	220.6263312	11149.65069	258.3004281	123.701236
S1PR5	7.997120003	7.027494673	41.04900098	6.547727883	175.6975199	6.788452669	6.633637977	6.433693872
SAMSN1	197.0884279	441.9005895	794.816235	1660.128114	2876.602126	1412.29406	5090.528151	3133.89778
SCN9A	7.11928632	7.905938062	5.599396915	6.409332909	10.59412632	6.128985193	111.6046467	88.10035668
SEC31B	64.80136266	51.08175979	423.4721951	63.79022174	30.97425375	136.5478618	58.5085105	492.0692023
SELL	11102.0298	8002.61479	7418.862396	7104.510327	1590.659482	7242.740165	234.1716363	287.2191393
SEPT5	10.89927471	18.06590222	13.1121548	37.98662268	22.41199796	16.50408571	27.46127525	14.79336806
SEPT8	27.7175438	22.87983558	31.02782537	35.93880485	67.28417387	15.62108755	183.0663448	72.01025469
SERGEF	15.69138202	11.98596801	63.60787074	28.58789254	41.5765162	20.42165917	113.6054513	103.0111836
SH2D1A	30.86641388	23.74579306	1249.210018	1354.892078	844.7081417	18.41801556	17.53465103	11.39071505
SIGLEC1	258.3004281	149.3986543	81.50052589	91.07262834	88.81589691	279.3221994	6220.794765	3457.591061
SIK1	5471.704926	5620.453994	1219.200313	410.006561	248.2954165	544.8091055	292.9918215	111.2439257
SIRPG	74.41451203	127.7355428	1310.139566	1148.814515	57.88335321	54.8626275	80.84943542	39.50876033
SIT1	759.1593175	1505.448039	1457.873439	1612.60149	107.7569918	99.63796028	60.40293882	107.7569918
SKA1	4.914356682	2.770472888	2.220631652	1.658857567	41.3563524	3.198489691	6.57228761	15.6035437
SKAP1	1378.742233	556.9267569	2273.257742	2395.678989	1513.442454	155.1060459	115.4350344	100.357131
SLAMF1	762.0351121	515.4872027	496.4217166	1081.526073	115.6197705	111.9089299	6057.915205	845.5065088
SLAMF8	156.6501475	135.5923959	107.6408152	101.4058634	95.17401569	166.4059352	663.4733228	1407.517431
SLC12A1	89.4899425	48.93661716	10.77936011	11.20330491	3.866557468	3.335133412	5.19508538	1.712065726
SLC12A8	7.225818568	8.434874182	14.91996119	3.740216058	18.06584929	11.98809147	24.5564624	25.3393543
SLC15A3	9.050871942	202.4492561	18.5710453	19.36453188	8.498902895	1682.54452	3860.541888	5890.338133
SLC2A6	112.56368	313.2302692	43.07557759	15.58990295	125.466199	623.8936693	6057.915205	579.7336116
SLC7A10	66.78073716	84.61698111	33.20097043	53.12123129	24.36857837	34.30894984	34.7291372	26.32189818
SLCO5A1	118.7296898	108.1291054	30.06870751	70.96791001	49.59274467	40.69340961	954.0382072	39.75712842
SMPD3	70.72102235	140.540597	70.12682543	47.62155017	154.573264	35.63627466	66.63623186	116.4670669
SMPDL3B	2.724372492	3.034400379	3.73037929	3.847184414	4.182493252	4.661740608	4.751056832	4.031081011
SOCS1	27.14793524	25.09172222	160.8027185	117.8166952	1230.201795	20.71591309	2300.259226	705.1354113
SP140	881.125548	2397.760361	422.1251624	549.3361922	385.2475659	107.9949811	170.8986502	30.82412721
SPAG4	16.39614273	24.95714972	60.34817877	64.66029759	50.78803941	16.94563165	21.82778451	11.61080204
SPIB	3945.300733	5363.4372	67.02484651	74.71026363	78.25416453	116.3915428	1435.057428	31.21088513
SPOCK2	1531.023729	1120.73105	3283.92381	3212.756292	650.4634003	263.011432	132.2193618	118.3071595
SSX1	1.658857567	3.900272217	7.384988622	2.493139629	1.479085222	5.167103334	7.46633806	23.76513175
ST3GAL6	66.60162565	34.3893867	7.158395479	6.482478073	18.38880596	357.9772296	41.07506248	192.2179775
ST6GALNAC4	264.3270269	441.0048109	408.1100167	398.8717851	227.0422204	195.8463286	133.9832531	243.2991012
ST8SIA1	50.56172691	44.96471016	75.93922657	278.4319646	14.10673265	8.218778885	13.60956204	3.807870165
STAP1	3534.504408	1961.960801	112.0597302	110.856908	435.480525	21.15804952	372.9209445	43.53483002
STEAP4	4.42067119	8.353897982	4.832288844	2.346954138	17.27184239	111.873397	22.35085197	26.46384319
STXBP6	16.73521702	15.04379369	16.13910899	21.45135324	11.99719249	12.89610083	24.24874392	13.12815713
TARDBPP1	42.03948876	48.24713311	20.13104889	38.53463959	31.08142239	9.112054424	4.672469314	6.606824787
TBX21	504.1990666	543.923946	1658.322072	522.1073862	3311.978393	273.2767975	526.5774707	86.6079297
TCF7	32.1556293	157.1737661	3170.404097	3207.171426	151.5623553	18.65570294	284.0317902	43.91152808
TCL1A	12117.94539	763.1449829	106.739179	105.523008	78.2920509	161.4604075	109.218595	72.95993424
TEC	11.26237461	11.13599083	11.99089142	9.646923918	16.45891984	16.29861436	66.07482414	50.36671815
TEP1	13.00060521	15.87747831	98.35605225	95.04661844	91.56873261	16.10571842	69.86793771	112.1957614
TGM5	60.12655552	71.99773897	47.8969765	47.09380347	60.67685001	64.53380501	69.97949464	126.5453946
TLR2	81.54272739	113.709418	120.5282543	126.8421582	140.2158809	4560.185304	4668.361682	3071.447657
TLR7	49.81426014	102.4990755	7.997221294	9.70690203	10.83895443	570.6516022	966.7052764	546.9250913
TLR8	7.582193721	6.714925465	5.70074897	6.830950912	6.107123818	1522.070253	2380.195799	1082.104258
TMEM156	574.4981382	577.0327019	168.0820865	152.9758784	141.9594113	23.45170307	17.46905843	21.15896542
TMEM255A	64.48080982	43.77493033	38.72072177	22.20688826	29.92011687	66.84987758	289.1639534	167.0152257
TNFAIP6	267.9179363	259.8916347	81.29435266	94.24800971	145.8185128	233.4391136	19190.61594	325.3643379
TNFRSF10C	44.84631996	28.85121323	27.03922751	57.28934706	37.57632728	237.9058901	42.18070928	75.92997592
TNFRSF11A	50.02783296	32.36541213	9.855680429	22.07591774	68.56018671	17.83610862	74.82023836	396.3913895
TNFRSF13B	502.6927279	1498.256342	181.9551888	120.0804247	167.0688665	188.0078881	240.986393	171.9065402
TNFRSF17	22.5997525	247.609295	13.81523144	13.44126834	8.910362721	10.1098504	9.409205288	13.52425156
TNFRSF4	15.01956589	14.8278152	18.71047795	524.4770391	697.7043267	17.76981387	1462.50333	441.126154
TNFSF14	10.0823446	9.719004464	92.31649554	59.18404696	2050.816822	35.07227527	20.45437223	16.04544391
TNIP3	14.12983303	31.867553	70.50041584	30.8024485	11.86713177	14.52350675	1192.706587	17.36410025
TPSAB1	1102.29779	794.7203184	376.0368021	284.8186666	311.7403372	543.6290931	368.9130231	365.4798555
TRAC	572.5113556	1006.350088	13721.45552	15532.16188	506.0537577	208.9784165	151.3173183	142.6133419
TRAF4	194.7986362	450.3805458	27.41737791	88.21790387	70.6081762	28.30245079	23.05515036	23.70038398
TRAT1	13.5847049	15.98508028	816.7413233	2578.359018	41.18448661	6.845897848	6.319098182	4.273621867
TRAV12-2	13.14017301	12.20201385	225.3780296	100.6104917	9.776317635	10.63253287	10.57301826	8.463162241
TRAV13-1	88.73958185	72.48117143	463.1984082	881.5627754	28.3148996	29.72104173	37.77736037	12.25757399
TRAV13-2	72.69074036	67.18924471	369.2792078	639.8040504	55.64727919	56.85541485	35.79486574	39.12138574
TRAV21	119.891114	65.25320664	439.3576224	765.2981535	46.6365232	51.31601583	31.46897563	36.23835539
TRAV8-6	24.5564624	22.1433316	244.1129158	396.1200681	15.40291048	34.39428346	19.19569957	13.1991983
TRAV9-2	60.43870697	91.39228534	220.3744213	911.8379139	22.09272622	47.77691068	23.52091869	17.66320162
TRBC1	575.8478308	930.328823	8923.922332	10179.78364	2812.593654	78.94320693	223.4955364	131.0995558
TRDC	88.17850315	81.15497901	3014.575466	781.3316356	11382.00872	61.01801703	22.31868643	24.26650252
TREM1	415.2301184	236.6369111	102.2864477	67.49889477	95.75746526	1775.188919	194.7254774	184.6497911
TREM2	17.00788201	11.99552131	16.18514962	16.93010618	14.68548476	24.23855513	160.8316593	3999.017687
TREML2	70.53816317	20.8510013	23.09902116	18.783374	123.3281827	40.72889444	32.02053189	32.60848091
TRIB2	1848.219528	915.3236717	1138.062023	2377.362513	1049.5197	123.0323791	71.30464757	22.3637411
TRPM4	7.691250656	6.199378707	7.796755019	9.463569762	7.702553769	18.36114786	248.6383328	237.2475823
TRPM6	45.92245257	35.63102651	25.76719358	31.1038533	30.99587635	35.69642216	22.77650595	16.04544391
TSHR	19.81562324	17.26446055	11.64652927	13.71677829	12.75467855	14.29339998	9.442115885	7.808323788
TTC38	24.85041048	25.03368325	374.209498	26.49834722	662.1427421	105.6462644	437.3613074	328.9820884
TXK	309.7698509	195.384424	676.0594416	426.3148568	2015.56144	62.96991111	86.84214478	154.3565359
TYR	15.49172903	15.24296718	10.627147	197.0884279	51.17855685	14.06800259	25.02917588	31.80183546
UBASH3A	10.12600478	12.70263006	876.3804334	714.9395195	8.533286435	6.105136566	8.795522384	8.195551244
UGT1A8	680.5299008	471.1925779	82.13823081	123.3281827	85.31836726	91.50678971	55.51233152	55.04284584
UGT2B17	29.46022982	12.69818111	3.976053906	5.598819437	6.482478073	7.244351309	7.748155333	7.395068314
UPK3A	15.1818271	14.61683336	10.97861145	13.64441885	9.961241592	215.8718015	6.818438323	7.6068206
VILL	29.52223049	34.59261182	434.2235247	500.1222764	39.83941898	97.78124023	305.4093323	129.9134995
VNN1	22.95842907	21.92466999	12.26655159	11.49823256	27.08777116	1024.700138	12.28113965	120.6402118
VNN2	64.9845649	79.68108191	445.4839483	87.43886769	133.9832531	3300.115435	6.198523194	8.255798098
VNN3	30.92999926	32.29662574	13.07856517	28.54732378	44.53194026	187.5997533	70.96791001	60.50951351
VPREB3	3778.568055	2591.601205	89.69557529	166.1221545	114.2787683	136.159858	156.4260981	111.6979924
WNT5B	11.75096777	11.14541251	10.61879975	8.393614631	9.789026033	15.97840064	11.1694943	533.28442
WNT7A	12.86019319	17.53933245	101.4088521	87.39996412	13.79321282	56.25300857	23.34134802	10.34392287
ZAP70	13.7050941	12.81144157	3230.539852	2667.26621	1772.000761	38.05970681	25.55686935	32.52035914
ZBP1	35.84871042	74.5068251	149.2911945	162.5267903	127.0420484	24.54237397	16.16358042	22.09272622
ZBTB10	152.6895498	99.22415511	99.88073058	91.36792646	106.5387015	62.01375558	222.3082742	74.03494821
ZBTB32	9.857216379	193.1962311	27.83511	7.771095444	12.38711595	10.52648555	223.0243338	14.98197508
ZFP36L2	923.602815	661.8816941	3227.833526	3731.327234	263.103889	1341.516598	23.57209837	303.5769537
ZNF135	94.28786122	16.31493562	64.5605419	15.80624293	79.04663522	3.860059178	4.99336445	39.75712842
ZNF165	6.421545431	4.431621524	3.190692616	2.724372492	4.897631255	2.66873461	4.23966252	6.080237169
ZNF204P	77.87689746	42.94621317	151.9597341	168.8951305	32.9745764	29.90974572	33.02123349	27.46127525
ZNF222	9.800664188	7.20321789	71.91125741	15.0813304	91.80829026	19.8606097	47.02936831	148.6222178
ZNF286A	737.8599039	331.9087607	218.2270364	169.3131278	199.2998879	11.04393742	36.038732	21.87563888
ZNF324	28.21199417	23.46442356	32.01125825	27.16912681	42.90224117	28.71444884	37.88295257	112.914142
ZNF442	19.71319664	22.44753254	32.11029942	9.182953598	40.95236426	12.30022875	71.64242608	36.61226829
