B cells naive	B cells memory	T cells CD8	T cells CD4	NK cells	Monocytes	Macrophages M1	Macrophages M2	P-value	Correlation	RMSE
TCGA-30-1860-01	0.0400486286279053	0	0.217391263084255	0.00596100607645357	0.0599314177410187	0.0296283191590807	0.294694729054395	0.352344636256891	0.02	0.168599554040912	1.06513586384002
TCGA-29-1697-01	0	0.0206106931988686	0	0.112432408677638	0.0337918342770712	0.0339155452591777	0.18268413763426	0.616565380952985	0.47	0.0123323788260462	1.13130858774886
TCGA-61-1724-01	0.096599846892796	0	0	0.482718254902118	0.0398126030620855	0.0148266849253546	0.139922532147894	0.226120078069752	0.12	0.080806211341714	1.06879310571835
TCGA-29-2425-01	0	0.0722371029351373	0.016824981646475	0.109731166016566	0.0283155375132911	0	0.181623132248274	0.591268079640257	0.19	0.0599739523755198	1.10041772758384
TCGA-61-2109-01	0	0.0106455305256203	0	0.500612526542231	0	0.00463186508499841	0.029353114035624	0.454756963811526	0.16	0.066772055086284	1.07848297039613
TCGA-29-1778-01	0.0295688289430391	0	0.0564683681690104	0.146919387775626	0.0272498212342748	0	0.218958458932617	0.520835134945432	0.29	0.035903837202729	1.11359961307389
TCGA-24-1417-01	0.0977011976906779	0	0	0.174251977944577	0.0312128872336911	0.0256604362615139	0.145833182696148	0.525340318173392	0.01	0.207117917291979	1.01461213707667
TCGA-23-2078-01	0.246114739264033	0	0.163614245763781	0.205045548523836	0	0.0214585883365533	0.157056699150915	0.206710178960881	0	0.286453395059788	0.975869588546153
TCGA-24-1413-01	0	0.028259775252358	0	0.176753361682067	0.0351507132597971	0.0719176482511944	0.10683738467825	0.581081116876334	0.14	0.0696464973505654	1.08117071349481
TCGA-31-1959-01	0.0262316179004461	0.0228206240395992	0	0.184566390294413	0	0.0196920288542921	0.0646967906896194	0.68199254822163	0.01	0.210538798698871	1.02323832606712
TCGA-13-0800-01	0.0327739839513733	0	0	0.369484463524432	0	0.233896134175382	0.0326888288008182	0.331156589547995	0.94	-0.0278129601962974	1.10131838069666
TCGA-25-1326-01	0.0846621888644024	0	0	0.272680267981042	0.0537075691321563	0.0280083615822755	0.0764420935965407	0.484499518843583	0.02	0.147904061152274	1.03140261933056
TCGA-13-1403-01	0	0.032066006916548	0	0.41990994332431	0	0.0234616360001795	0.137905152830173	0.386657260928789	0.5	0.00776263619024434	1.09802879483353
TCGA-25-1322-01	0.0533380303869697	0	0	0.240168326546977	0.0228254780774485	0.00122439853510161	0.151845706609677	0.530598059843826	0.17	0.0656341021405615	1.08137625095574
TCGA-24-1558-01	0	0.0186720142170537	0	0.363041809042548	0.0423288983708848	0.00930680765669925	0.0688498284313817	0.497800642281433	0.07	0.0966896257619796	1.05895234810514
TCGA-24-2288-01	0.306273408595152	0	0.135850946281387	0.0252717272045862	0	0	0.267806085531442	0.264797832387433	0	0.310459530014996	0.983958307449626
TCGA-25-1626-01	0.102944845725174	0	0	0.230377658091829	0.0228931610877334	0.0672367276962604	0.0728007912749375	0.503746816124065	0.03	0.128831862298499	1.04050837023293
TCGA-24-2035-01	0.12282046096444	0	0.0449172792414376	0.0644428415753025	0.00424003577232978	0.109042202166076	0.100428082929846	0.554109097350568	0.02	0.15006585109611	1.04261307924535
TCGA-57-1584-01	0.00958409380023595	0	0	0.663465802036042	0.0542970635979065	0.0100250417542044	0.00179372940728082	0.26083426940433	0.43	0.0160078929503878	1.12240364653391
TCGA-61-2012-01	0.147422126407621	0	0.0717461006932005	0.0734812898327135	8.72501072241798e-05	0.0305224077730667	0.374830351340749	0.301910473845425	0.05	0.109669348887439	1.12753839424997
TCGA-23-2084-01	0.00651203977698423	0.00536748298451153	0	0.506832636648919	0.030206039880214	0.0675275912649285	0.126718581083932	0.256835628360511	0.13	0.0744057406490876	1.07157397014367
TCGA-29-2414-01	0	0.124501045343646	0	0.36813117906191	0	0.0268279697022234	0.00430454195034567	0.476235263941874	0.2	0.0574227176898473	1.07207646415592
TCGA-24-2281-01	0.0130180109981093	0.0507420498482192	0	0.206201890095372	0.0539370470611233	0.00210863992557572	0.198370534538777	0.475621827532824	0.0600000000000001	0.100709689333087	1.07084674815867
TCGA-24-1422-01	0.0213211284756019	0	0.0176977860840077	0.106034609784653	0.0828133305871951	0.0732729268617789	0.0685191648411438	0.630341053365619	0.07	0.0971192631195644	1.07477652925376
TCGA-25-1627-01	0.0754109016892925	0.013149203479448	0	0.284540753274948	0.0340575954282259	0	0.047385645467803	0.545455900660283	0.29	0.0371959655723274	1.08305774954439
TCGA-25-1635-01	0.0886430372957169	0	0.0740023490811056	0.0768144662817818	0	0.0652511787637197	0.0814419435778535	0.613847024999823	0.2	0.0569745286399556	1.08806094762116
TCGA-24-2297-01	0.116288312157864	0	0	0.255256219043487	0	0.099362893636807	0.127231670344034	0.401860904817808	0.6	-0.0010565930599504	1.0921226412058
TCGA-25-2409-01	0	0.0257646328861097	0	0.152768441844026	0.0701749284807264	0.0711001841673597	0.222894740355116	0.457297072266662	0.16	0.0669060310164873	1.0957815400642
TCGA-24-1469-01	0.112653235156628	0.0874528929105016	0	0.138091772572688	0.0571930583509371	0	0.26299427181934	0.341614769189905	0.01	0.176534349758837	1.04679218353942
TCGA-57-1993-01	0	0.0246210584276266	0	0.157148653498805	0	0	0.067747995492324	0.750482292581245	0.51	0.00674040594129949	1.1366876769851
TCGA-25-1321-01	0.000269861651587099	0.0604316920740051	0	0.330595667366044	0	0.236323336808728	0.119554342014474	0.252825100085161	0.47	0.0114278011881077	1.08389977314941
TCGA-30-1862-01	0.2060609165341	0	0	0.29407841670683	0.0623690623421889	0.043138993710464	0.0779793758809919	0.316373234825425	0.01	0.207061161214178	1.00248905727894
TCGA-23-1114-01	0.108075073827081	0	0	0.360766772193092	0	0	0.0437048868543394	0.487453267125488	0.91	-0.02440862954541	1.10571395972021
TCGA-24-1424-01	0.00378573082203922	0.0302889561076467	0	0.515547251120568	0.0699097517665799	0.027253001533715	0.121218067678754	0.231997240970697	0.21	0.056710355197776	1.08296913706364
TCGA-57-1583-01	0	0.217174983599721	0	0.114272225864147	0	0.00705308831472845	0.115637542853405	0.545862159367999	0.3	0.0317186610124998	1.09647234341604
TCGA-24-1928-01	0	0.047966627098695	0	0.448662530745619	0	0.0104401858784392	0.105727565741755	0.387203090535492	0.29	0.0338230726471482	1.08447310301763
TCGA-25-2393-01	0.154691653848382	0	0	0.111744727899196	0.00445831550718629	0.11612589820147	0.121997582871428	0.490981821672337	0.15	0.0683600913618799	1.07581658972644
TCGA-29-A5NZ-01	0.00373756818626322	0.0519703364027971	0	0.46325024934421	0	0	0.108566817876702	0.372475028190028	0.33	0.0280128767767952	1.0878980872115
TCGA-OY-A56Q-01	0	0.319091507332851	0	0.239841350631033	0	0	0.00242486477285497	0.438642277263261	0.92	-0.0267186173578425	1.11408993884675
TCGA-61-2104-01	0.0243439252406324	0.0056882094616378	0	0.39164543021614	0	0	0.253446905383123	0.324875529698466	0.07	0.0972619588951876	1.0844552491118
TCGA-59-2348-01	0.15911928337853	0	0	0.496461119488826	0.0318617201427086	0.0996198665357979	0.114630328718567	0.098307681735571	0.11	0.0819817212390884	1.06819306287553
TCGA-13-1512-01	0.00776555245091456	0.0587052181104926	0	0.137841006584747	0	0	0.314280703877976	0.48140751897587	0.0600000000000001	0.100518270629752	1.11510417517134
TCGA-24-1563-01	0	0.00919064122322627	0	0.326426400689396	0.052824415646996	0.0278423969697782	0.0738966647281191	0.509819480742484	0.41	0.0182391972468157	1.09299219521142
TCGA-25-1320-01	0.141888323563414	0	0	0.123081870106309	0.0123119925914349	0.0312973795990167	0.0840246480603263	0.607395786079499	0.05	0.112916278521987	1.06222623216173
TCGA-24-2027-01	0	0.0138781274903234	0	0.463780204668897	0	0	0.0147211628421637	0.507620504998616	0.65	-0.00377167217279664	1.11072987223739
TCGA-61-1725-01	0.000687884825848705	0.00697430611158296	0	0.268373945723002	0.0510507483445325	0.0144601761370022	0.246059962564203	0.412392976293829	0.02	0.144008536691807	1.06149131640176
TCGA-61-1998-01	0	0.0020573475265767	0	0.2521085738368	0.0172057922394729	0.0247526721741492	0.0085688562521564	0.695306757970845	0.02	0.16616710690566	1.04777451715091
TCGA-23-1123-01	0.00185280339374388	0.0734210862365617	0.0549954701681388	0.0962034643806221	0	0	0.240634195678108	0.532892980142826	0.01	0.193749247013602	1.04261901707858
TCGA-61-1995-01	0	0.00493651998208679	0	0.41148977511057	0	0.0456048097947361	0.020003807503836	0.517965087608771	0.05	0.108945990636912	1.05825692381891
TCGA-24-2267-01	0	0.0638512800070747	0.108647801406226	0.0386699723745273	0	0	0.299066940611499	0.489764005600674	0.24	0.0524471087045059	1.13490370835243
TCGA-24-1103-01	0.180326167401829	0	0	0.170380606371913	0.109737454779334	0	0.311389328960942	0.228166442485982	0.47	0.0111942952645608	1.15248624185297
TCGA-04-1365-01	0.0132677526491655	0	0.135497840937571	0.0183012782209074	0.0263385540496819	0.0795082842914878	0.29928502065938	0.427801269191807	0.01	0.18378758844772	1.06181469824774
TCGA-25-1623-01	0.0728393510375923	0	0.0157788847805608	0.189646405869492	0.0153452344735436	0.0548083629694044	0.194214307135829	0.457367453733578	0.1	0.0849099243254479	1.07470522134775
TCGA-04-1364-01	0.426697970626176	0	0	0.118750852669215	0	0.118146517837614	0.0141028772380832	0.322301781628911	0.81	-0.0155858014576949	1.13435849998451
TCGA-31-1946-01	3.4296566541474e-05	0.00807057688350742	0	0.26513325126138	0.0142675871786165	0	0.0815945754949818	0.630899712614973	0.02	0.143876427045636	1.05076469797981
TCGA-04-1514-01	0.011172694655662	0	0	0.541078278069542	0	0.0770180968080582	0.0890477530709876	0.28168317739575	0.5	0.00866144292912686	1.09931668878943
TCGA-20-1687-01	0.17956459636554	0	0	0.40696160359532	0.00472396352072067	0.0472038630234059	0.0836075484342527	0.277938425060761	0.05	0.112043379766084	1.04447476354763
TCGA-29-1705-01	0.000538148663455998	0.0035811602997192	0	0.366753580509269	0	0.0513377564044509	0	0.577789354123105	0.05	0.107092044378453	1.06424777286515
TCGA-24-2024-01	0.00140966713831422	0.044455080810081	0	0.290245557364364	0.0155748890320329	0.100123459227538	0.0153767054362326	0.532814640991438	0.15	0.0678498344741036	1.07150961658845
TCGA-23-1029-01	0	0.0458224545485924	0	0.432039448892006	0.0180711636189192	0.118000078360321	0.21730673941294	0.168760115167221	0.14	0.0697738092133075	1.08300552591626
TCGA-59-2350-01	0	0.0152369883813733	0	0.450969212243078	0	0.020231568803109	0.125352382716393	0.388209847856047	0.18	0.0617811748175648	1.07650521246555
TCGA-13-1506-01	0.248143682550024	0	0	0.187478163819716	0.0857765538162521	0.218795849368801	0.200861914603774	0.0589438358414327	0.05	0.109880671459247	1.06602565360424
TCGA-24-1616-01	0.0700093199737396	0	0	0.227412101673021	0.102777936783924	0.079742381794695	0.146950212049909	0.373108047724711	0.66	-0.00392573279603869	1.09849834526595
TCGA-24-1423-01	0	0.0125643992709048	0	0.28302851580482	0.116980600457329	0.169207453248141	0.151420880031511	0.266798151187293	0.28	0.0392069269029348	1.0829285501243
TCGA-29-1710-01	0.00409387869137022	0.0815741028649348	0	0.195296664289564	0.0639108415151141	0	0.0994620392620151	0.555662473377002	0.02	0.135384360188824	1.04482255287656
TCGA-24-1467-01	0	0.0164136376384019	0	0.382398972265042	0	0.00032477529325578	0.170250692316697	0.430611922486603	0.37	0.0218747713899014	1.10106621025392
TCGA-24-2023-01	0	0.0813113713121032	0	0.342922420007333	0.143590558874958	0.0309313762866232	0.120044963155361	0.281199310363622	0.18	0.0620447242935457	1.07342180648708
TCGA-61-2098-01	0	0	0	0.335754169183729	0.00760149056689898	0.223513740458976	0.00299184004431145	0.430138759746084	0.46	0.0131662664471777	1.09458057278932
TCGA-24-1567-01	0.0104048344757675	0	0	0.242644501227517	0	0.203396970006816	0.0190081385203435	0.524545555769557	0.47	0.0117246108047606	1.10277040944363
TCGA-31-1956-01	0.0264327396027019	0.00117401557083317	0.0128530095039932	0.181365988992737	0.00403870881264922	0	0.15214365137754	0.621991886139546	0.18	0.0616937623909044	1.09754993133114
TCGA-61-1738-01	0.207314208661308	0	0	0.0163621089441684	0.00918836954606338	0.0115656986597245	0.344412614635882	0.411156999552853	0.01	0.184239603200734	1.08456791817886
TCGA-24-1930-01	0.105658890211293	0	0.020011193111766	0.0770055022206656	0	0.0191667391519609	0.116958855558244	0.661198819746071	0.04	0.119299054940936	1.07161143368588
TCGA-61-2009-01	0.0498810515880878	0	0	0.222626976371797	0	0	0.130911593924839	0.596580378115276	0.02	0.159800289985363	1.04275853651657
TCGA-13-0883-01	0.0388618619013114	0	0	0.163512649539411	0	0.000774173205866419	0.0772332256724891	0.719618089680922	0.05	0.104333483275371	1.08285281620437
TCGA-24-1603-01	0.00351742254319224	0.00127944463688102	0	0.471579734463998	0.001329450988495	0.198863107405733	0.120585129879632	0.202845710082068	0.28	0.0431301789199446	1.08013817200249
TCGA-24-1430-01	0.041034783821454	0.0322341915859937	0	0.358242652379121	0	0.106883113372576	0	0.461605258840856	0.62	-0.00236409718949599	1.09583719121009
TCGA-10-0928-01	0.0730716593012421	0	0	0.502214266989418	0	0.18773924707207	0	0.23697482663727	0.37	0.0213847655110834	1.08783139308278
TCGA-29-1688-01	0.0437163768155098	0	0.0463238637336921	0.0310836640972852	0.0199793629042504	0.0872750081781341	0.103561925292637	0.668059798978491	0.03	0.125167799827267	1.07198622412437
TCGA-25-2401-01	0.0494831058353271	0	0.0475435097492379	0.0613837276389987	0	0.138789665435664	0.168473152689772	0.534326838651	0.01	0.229308601937945	1.01364772022175
TCGA-29-1703-01	0	0.00348390835987154	0	0.513604731844942	0	0.142390810585274	0.0783905506296302	0.262129998580282	0.38	0.0207054750996273	1.08991143915595
TCGA-59-A5PD-01	0	0.115382369821417	0	0.180318148686711	0.011642212673873	0	0.128358350359186	0.564298918458813	0.03	0.130740593448285	1.05114541299598
TCGA-25-1633-01	0.0989787492824711	0	0.0992441432186718	0.111425778074746	0	0.109996343593443	0.135667824669847	0.444687161160821	0.03	0.131323190937331	1.04188772006003
TCGA-25-1317-01	0.28774517951251	0	0	0.348848245987444	0	0.202804881886118	0.020774395762271	0.139827296851656	0	0.277290249264563	0.977189582152337
TCGA-61-1910-01	0	0	0	0.311391373284076	0.0343560099551506	0	0.163104798836356	0.491147817924417	0.24	0.05236192213488	1.08959546814088
TCGA-61-1900-01	0	0.124712441303004	0	0.179859646833786	0	0.174940735626384	0.130482655284025	0.390004520952801	0.0600000000000001	0.101116121146999	1.05215735295348
TCGA-30-1718-01	0.142942119250377	0	0.120619022083344	0.0635990448514037	0	0.0185116130850338	0.111356856912613	0.542971343817228	0.02	0.15481877663656	1.03691764219918
TCGA-23-1111-01	0.0292056410529206	0	0	0.456973902388888	0.0382175849170618	0.0352797156309321	0.0789331599463321	0.361389996063865	0.35	0.0240820911056543	1.0862480451696
TCGA-13-0916-01	0.155652170719907	0	0.264676331498194	0	0	0	0.368476722415842	0.211194775366057	0.01	0.218176213444217	1.06340477583592
TCGA-09-0367-01	0	0.0790320189361492	0	0.0920909820828509	0.0464968028242117	0	0.0534290056457028	0.728951190511085	0.1	0.0846114599617351	1.09242300920776
TCGA-61-2002-01	0.0279938881483108	0	0	0.218388673737208	0.0190549381171911	0.084958323021929	0.217864402934937	0.431739774040424	0.01	0.257517775679891	0.996992002335862
TCGA-61-1721-01	0.0350415178131656	0	0.0227139181616376	0.121949116234832	0	0.0174987022249159	0	0.802796745565449	0.02	0.156974324074799	1.0703900023092
TCGA-09-2054-01	0.160165419663461	0.0505363207594496	0	0.281323539582052	0	0.0253323768518581	0.0410909557052304	0.441551387437949	0.01	0.198075507164745	1.00924989193013
TCGA-25-2396-01	0.00395386952967816	0.0163663080155533	0.0726879629639742	0.142630465264068	0.0554367417404331	0.0665684435716775	0.206819708542182	0.435536500372433	0.08	0.0933580659564528	1.07544466251349
TCGA-13-0920-01	0.0870255501719698	0.0633215018786389	0.127089898817746	0.223954488025466	0	0	0.206672114303163	0.291936446803017	0.02	0.14991568140081	1.04252876288031
TCGA-24-1604-01	0.0590422162561852	0	0.00352394735751379	0.120581330045712	0.00139669370855609	0.115930162775259	0.187377941293	0.512147708563774	0.18	0.0602893643372512	1.09549737817868
TCGA-25-2398-01	0.0446663574485358	0	0	0.210902459689185	0	0.00486138821663422	0.00558398325238973	0.733985811393256	0.03	0.126173500545469	1.07194498216772
TCGA-25-2404-01	0	0.0152901155531824	0	0.508787845342162	0.0181705648172737	0.0605434486922355	0.184922287732382	0.212285737862764	0.25	0.0498565935904329	1.09294890978217
TCGA-29-1783-01	0.0489276807606291	0	0.0304283721676323	0.0942864945722169	0	0.0406506023497828	0.073085960613484	0.712620889536255	0.12	0.0791124159336411	1.09544127725876
TCGA-36-1569-01	0.0785996520145199	0	0.0752267040068257	0.156163992263856	0	0.064820337505767	0.103061574984715	0.522127739224317	0.02	0.133652613900538	1.04279263452619
TCGA-24-1416-01	0	0	0	0.679595167194837	0.0816478580766494	0.0923441851412503	0.00212867658858616	0.144284112998677	0.19	0.0592527634482003	1.10739172400829
TCGA-57-1582-01	0.0142210628506139	0.0923808725617352	0	0.461934832437965	0	0.00931435270911886	0.0777282997264047	0.344420579714162	0.04	0.119037147144523	1.04475039993644
TCGA-25-1630-01	0.00103093953494626	0.0242006292614431	0	0.148011634658493	0.034397710563469	0.125460976717184	0.0381175505566904	0.628780558707775	0	0.275990797784419	0.987341849430313
TCGA-25-1312-01	0.166073702250104	0	0	0.271443895864935	0.0323456086186055	0.0229934429585805	0.0799732269235275	0.427170123384248	0.62	-0.00198104396883603	1.09010943700349
TCGA-23-1027-01	0	0.0329514062268235	0	0.423248152932522	0.0497563403140511	0.00678381044562277	0.0445820326476843	0.442678257433297	0.07	0.0970545201051997	1.05728486519512
TCGA-24-2254-01	0	0	0	0.409382341582389	0.0155711598774598	0.151768760790631	0.000673068646170325	0.422604669103349	0.1	0.0847575372737598	1.06336242627437
TCGA-30-1861-01	0	0.0590675093776869	0	0.743441385654131	0	0.0264122084182033	0.016238750963996	0.154840145585983	0.26	0.0475445895549385	1.11907633313301
TCGA-29-2414-02	0.134144329147251	0	0.177941669778597	0.112653206622204	0	0	0.188810599653722	0.386450194798226	0.01	0.228506035977167	1.00421851179127
TCGA-61-2088-01	0	0.0301470011862653	0	0.317938833301524	0.0223820633696758	0.0518244245658967	0.0179234827134952	0.559784194863143	0.8	-0.0151250538049142	1.1103317425252
TCGA-29-1785-01	0	0.00302308703126974	0.138973340958643	0.0641307076965853	0.0706341762339339	0.0461673664006284	0.236259044920088	0.440812276758852	0	0.287015694384414	0.988885557448821
TCGA-09-0366-01	0	0.01106819378733	0.0159962698097579	0	0.000571246769493793	0.277246188005415	0.0297876421523928	0.66533045947561	0.02	0.156806823897622	1.07423047588766
TCGA-VG-A8LO-01	0	0.154395583090228	0	0.518268080517406	0.0429364537762852	0	0.169064950294014	0.115334932322067	0.37	0.0212124895145089	1.11001725832217
TCGA-24-1434-01	0.0085139484658577	0.0208245469644136	0	0.383520904653376	0.0521938103227947	0.0237214101169446	0.072435605978293	0.43878977349832	0.0600000000000001	0.0987740438513443	1.05431979987674
TCGA-24-1843-01	0	0.0511637154121414	0.0394340416717828	0.122321843154168	0.0136874813547692	0.068959143407873	0.0983613413910959	0.60607243360817	0.11	0.0835931216115076	1.07684046235007
TCGA-61-2102-01	0.0010732907678023	0	0	0.110486113506466	0.033668888468788	0	0	0.854771707256944	0.26	0.0459021594986409	1.14148155964715
TCGA-24-1428-01	0.0123131444003481	0	0.00354952177165634	0.0663746007049137	0.0524160773800678	0.109688079857127	0.218831203437245	0.536827372448642	0.05	0.106457443357145	1.08963275524328
TCGA-04-1357-01	0.0168668471854578	0.0369720889134888	0.200647176694627	0.0778554599561705	0.00153728397810179	0.00816791021084324	0.18204114285336	0.475912090207951	0.04	0.113269723834173	1.06216670187701
TCGA-24-1560-01	0	0	0	0.599859585814777	0.0434861448151561	0.0852661892070785	0.157932384214203	0.113455695948786	0.67	-0.00518118649901918	1.12852284429092
TCGA-59-2351-01	0.00908895619154556	0.0784301179585893	0	0.225090828628366	0.0789286157687038	0	0.136924087727834	0.471537393724962	0.08	0.0940618047835758	1.06074692711886
TCGA-29-1693-01	0	0.00621562198143852	0	0.172417153942848	0.0293210352104963	0.0147865014959087	0.200704606508371	0.576555080860937	0.13	0.0743546166085729	1.09872219283128
TCGA-04-1519-01	0	0.0100203445227008	0	0.279862021538966	0.000536654952842276	0.0244524733809389	0.0863682173059795	0.598760288298572	0.47	0.010986650220283	1.10790368722412
TCGA-59-2354-01	0.156240624820768	0	0.0721128645934745	0.0320905102170887	0.0245519238939108	0	0.167813065344488	0.54719101113027	0.01	0.194118041272056	1.02894978490912
TCGA-29-1763-01	0.0746008795621203	0	0	0.188585863761394	0	0.0968556336601959	0.130173007034906	0.509784615981384	0.19	0.0583952973580292	1.07991794639921
TCGA-24-1924-01	0.0943847141004119	0	0.0638943652161904	0.0161238199389221	0.0248443531298406	0.0868281511037692	0.307730957166984	0.406193639343882	0.02	0.155025059571891	1.07889808619105
TCGA-25-1319-01	0	0.0146595862882187	0	0.290847759319549	0.0297139366767118	0.0726532142293628	0.0831423292889156	0.508983174197242	0.13	0.0737589680711685	1.06844076752029
TCGA-13-1410-01	0.0714152840906215	0.00430170219547406	0	0.403436182303654	0.0273258979934396	0	0.236862825718856	0.256658107697955	0.02	0.132756822048113	1.06044489122462
TCGA-09-2044-01	0	0.117754627328625	0	0.212183427898473	0.0653918164999726	0	0.104739010694426	0.499931117578504	0.03	0.1296372775232	1.04234391370132
TCGA-24-1842-01	0.0252820515460077	0	0.0796865924693225	0.140750249813404	0.0448776913901631	0	0.220582400274099	0.488821014507003	0.02	0.138301980732542	1.06196962895827
TCGA-25-1628-01	0.0485563632308055	0	0.197057758819489	0.0688199173971411	0	0	0.309964723881104	0.37560123667146	0.04	0.120323417173585	1.09464119135014
TCGA-09-1666-01	0.0240967911787597	0	0.116843985330166	0	0	0	0.309648837615522	0.549410385875552	0.01	0.180820402084583	1.078999958723
TCGA-24-1435-01	0.00178614812930055	0.00481786310339729	0	0.297135785082338	0.0296462584275513	0	0.190875160807182	0.475738784450231	0.01	0.186023732607824	1.03113033108718
TCGA-25-1315-01	0	0.0102082022298021	0	0.560028602086092	0	0.0839241623027873	0	0.345839033381319	0.48	0.0106965316617047	1.10397490371086
TCGA-36-1581-01	0.0694599993823689	0	0.265913380737827	0.0380331840358788	0	0.0395418217246457	0.214541067991559	0.372510546127721	0.02	0.133753515669503	1.05501170406561
TCGA-29-1711-01	0.0195262939210535	0	0.0952298306239546	0.02441897935782	0.0461704143941032	0	0.314151259399209	0.50050322230386	0.03	0.12402241179564	1.10825922068747
TCGA-29-1770-01	0.0071368488682119	0	0	0.437815841382379	0	0.0726872510849851	0.0559938575327182	0.426366201131706	0.28	0.0404465796249663	1.08120293326376
TCGA-13-A5FT-01	0.277052898330216	0	0	0.215397986064376	0	0	0.212689318987412	0.294859796617997	0.01	0.232327354918458	1.01055239211074
TCGA-61-2008-02	0	0	0.316364555967775	0	0.0455139010137344	0	0.211334573401581	0.42678696961691	0.01	0.233909088188405	1.01451783324248
TCGA-23-1122-01	0.0132282463697331	0.0664070329209641	0	0.343815241934677	0	0.0430933047343159	0.137758482213444	0.395697691826866	0.28	0.0416624664180141	1.07781190584674
TCGA-09-2045-01	0.0587798713633012	0.0287296648339106	0	0.459233361457149	0.0765797802753107	0.0481710344262795	0.137269781955665	0.191236505688384	0.29	0.0378846761686112	1.08612970126251
TCGA-24-2289-01	0.000720876652048702	0.013708447732398	0	0.225450139381933	0.0212146130929387	0.0617857490120373	0.115349823381026	0.561770350747618	0.23	0.0546538905775062	1.08636191399625
TCGA-24-1557-01	0.0368597055400572	0.0149964879954426	0	0.417833577676564	0.0137523403554968	0.0975732428625219	0.0892026660975261	0.329781979472392	0.24	0.0535587147547106	1.06781232074194
TCGA-23-1026-01	0.000462851616694747	0	0.0042252414155532	0.107492301188234	0.0994442690949382	0.031106077763695	0.257299220217698	0.499970038703187	0.03	0.125057433134607	1.0877477858622
TCGA-29-1701-01	0.0859971859181106	0	0.0394017429508361	0.0804345002014506	0.00705171470267605	0.0505575881925044	0.111526386422254	0.625030881612168	0.02	0.139038215292595	1.05552146036756
TCGA-61-2101-01	0	0.0714974991113639	0	0.342270975844623	0	0.0346298808142061	0.0765267252790719	0.475074918950735	0.29	0.0344332096816775	1.08028940559446
TCGA-29-1695-01	0.0102218599700175	0	0	0.132955631380498	0	0	0.127686773006927	0.729135735642558	0	0.350135144987116	0.959617568192791
TCGA-29-1761-01	0.0768228476519539	0	0.101268341471184	0.0133111682211039	0	0	0.159234733780535	0.649362908875223	0.03	0.130093187113136	1.07088409312355
TCGA-29-1691-01	0.0404231142587638	0.0392691592735161	0	0.22997264460056	0.060233096491374	0.101691284678313	0.131131828262591	0.397278872434882	0.13	0.0727293993692213	1.06208267846782
TCGA-24-2038-01	0.0163690623119859	0.00719847980325431	0	0.41568295230596	0	0.42116443287171	0.0141164547605688	0.12546861794652	0.29	0.0361085128932789	1.09072219688894
TCGA-23-1809-01	0.0301171398118414	0.0256529407265906	0	0.23831916837622	0	0.00633490441542722	0.201225595290383	0.498350251379538	0.46	0.0136844379219818	1.11402774284221
TCGA-61-1919-01	0.00416192769173566	0.0279274501843201	0	0.177349655562665	0.0332039971677392	0	0.100441880698253	0.656915088695287	0.02	0.134214558359576	1.05954166992327
TCGA-13-1498-01	0	0.0263778122484264	0.0109903199559733	0.10460745134651	0.102402513334712	0.0509969047255098	0.306406520779999	0.39821847760887	0.01	0.195306851433242	1.05814105151785
TCGA-31-1953-01	0	0	0.000541552654666895	0.118915278815682	0.0553588741392085	0.102278691313431	0.102554599301511	0.6203510037755	0	0.303249917033053	0.975654520363945
TCGA-25-1328-01	0	0.0311889396673732	0	0.399280240080337	0.0403473312608908	0.00277824063556447	0.0207938058147426	0.505611442541092	0.13	0.0729217545879826	1.07103807486753
TCGA-24-2293-01	0.0602003317053453	0.0121267405809991	0	0.288812946116888	0	0.0187942105344759	0.104282708183284	0.515783062879007	0.01	0.184093969778078	1.02040649040286
TCGA-13-2060-01	0.0942009018471236	0	0.121875309570462	0.0102604403023262	0.0178192129901084	0.0121028906801935	0.367094886291251	0.376646358318535	0.02	0.152201839054171	1.10403865639814
TCGA-61-2000-01	0.059213769594117	0	0	0.217852891574638	0.123522878144362	0.0554249582790603	0.0942272752006873	0.449758227207136	0.02	0.141675221617433	1.03692947185491
TCGA-61-2092-01	0.444081706022562	0.0735416360835723	0	0.0565331141529101	0	0.054665775601809	0.131562851264407	0.239614916874739	0	0.289190170273391	1.00054132351662
TCGA-61-1907-01	0.036947254518192	0	0.0379701873808085	0.242803088967803	0.0172706080303902	0.0461760881088572	0.168397859213295	0.450434913780653	0.02	0.148867539448382	1.04017451151234
TCGA-25-1316-01	0.00722412430883838	0	0	0.327438525631855	0.123789753273625	0.0322288332232297	0.106120079153486	0.403198684408966	0.28	0.0423127622965927	1.08358499828307
TCGA-23-1120-01	0.0387894636411128	0	0	0.112070506106621	0.0605454307611385	0.0527715654341576	0.291056820008473	0.444766214048497	0.01	0.212662253047047	1.0432712672986
TCGA-24-1474-01	0	0.0581038418624301	0	0.252052802551028	0	0.130964034411427	0.0568239838808483	0.502055337294267	0.18	0.0621192413604485	1.0711060502626
TCGA-24-2261-01	0.0320076283562655	0	0.168670640375173	0.0543098932679316	0.00512939386131528	0.0379061728732058	0.191463254848752	0.510513016417357	0.02	0.146278247188938	1.05240521177201
TCGA-61-1736-01	0	0.0115501382643932	0	0.386531382260786	0.0011011137871889	0.349040428385487	0.0910745792318469	0.160702358070299	0.2	0.0570103354264996	1.07352730314722
TCGA-13-1489-02	0	0.0420168643612258	0	0.211095118960047	0.145717613679832	0.0490512479882703	0.433516496731366	0.118602658279259	0.18	0.0604723678359754	1.19959034549701
TCGA-09-0369-01	0.0198155627377478	0	0	0.136179141724993	0	0.00774780918190424	0.017947495299292	0.818309991056063	0.0600000000000001	0.0988449254658899	1.1047822839068
TCGA-25-1318-01	0.00207290166582217	0.00453565470440613	0	0.480976329947414	0.0353718569041314	0.00199389369057402	0	0.475049363087653	0.23	0.0550037900232183	1.08535881055189
TCGA-36-1577-01	0.0248750843368614	0	0	0.0834216994355486	0	0.199571460807043	0	0.692131755420547	0.64	-0.00309928399092466	1.14614151874289
TCGA-31-1944-01	0.119559446074876	0	0	0.134166571320171	0.00401375222036988	0.0757582670389053	0.139546023834107	0.526955939511571	0.04	0.118331017233628	1.05732856474639
TCGA-25-1634-01	0.248978218053927	0	0	0.112804097104479	0	0	0.0301846318400456	0.608033053001548	0.91	-0.0239301493723229	1.13002360218461
TCGA-13-1405-01	0.365432935699173	0	0	0.14461858293218	0.126413758996504	0.0391104566221383	0.182941021104824	0.141483244645181	0.01	0.179147356961801	1.04730462705046
TCGA-36-1571-01	0	0.0822658442512562	0	0.14540619635369	0.00733917105724503	0.0677162487334673	0.149005252302513	0.548267287301829	0.37	0.021232215777722	1.10474308645231
TCGA-36-1580-01	0	0	0.0505779610218704	0.238375030307886	0	0.0594862542900877	0.169492416049213	0.482068338330943	0.05	0.109976583210871	1.06306361641184
TCGA-31-1950-01	0.112279439404493	0	0.0539344117480777	0.105769282430745	0	0.0171500074109897	0.337792424623479	0.373074434382214	0.04	0.115642508653651	1.10789434863444
TCGA-09-1670-01	0	0.00475393173383991	0	0.393592196943739	0.0468649399619223	0.0444004776757799	0.0748369837165917	0.435551469968128	0.14	0.0701199561672938	1.06780920410398
TCGA-29-1776-01	0.258983901075886	0	0.0556171489417379	0.0281748398016863	0	0.122934612054211	0.173024425488042	0.361265072638437	0.02	0.160530658702947	1.0408004335339
TCGA-25-1329-01	0.076244136713891	0.0013629348088386	0	0.40174237118223	0	0.0880183220889584	0.079368604369042	0.35326363083704	0.59	-0.000354174537240239	1.08827445637104
TCGA-29-1781-01	0.00352325491843278	0.0685386155686208	0.18095049364466	0	0	0	0.143084367205996	0.60390326866229	0.05	0.104535350226787	1.07212328745834
TCGA-57-1994-01	0.262669160606308	0	0.00638462980308509	0.170808773518529	0.00530242769467086	0	0.104755082650146	0.450079925727261	0	0.274116191464906	0.980619576920779
TCGA-09-1667-01	0.0535305672927922	0	0.0318765166092604	0.168140677875961	0.0490191567153193	0.055991917095329	0.302152062033767	0.33928910237757	0.01	0.183109061175942	1.05419276126938
TCGA-20-1683-01	0	0.277817695942158	0	0.396855909849471	0.0149047571066571	0	0	0.310421637101714	0	0.301691855081388	0.966138344315287
TCGA-13-1507-01	0.0449812676976253	0	0.0248938211697516	0.0842576547842346	0.0540197272503105	0.0699494583545859	0.249991427274288	0.471906643469204	0.2	0.057889216712614	1.11171436560254
TCGA-24-2033-01	0	0.136963327914636	0	0.468172141947028	0	0.0793105027015489	0.00882627266672556	0.306727754770061	0.26	0.0442625864170468	1.07488359666365
TCGA-24-1553-01	0.00412811090988716	0.0817476479775513	0.218195561788825	0.0430565779145048	0	0.00518207138098841	0.132567697493219	0.515122332535025	0.02	0.153186351774303	1.03759391727818
TCGA-24-2271-01	0.148712960138708	0.0619725963650466	0	0.271239022794128	0.0991072860709988	0.126084684249105	0.175394328760324	0.117489121621689	0.01	0.192566584371881	1.01837134936173
TCGA-36-1568-01	0	0.0725741318489431	0	0.377846521975832	0.0431621597837922	0	0.0621368348630482	0.444280351528385	0.05	0.111693454860311	1.04728777725744
TCGA-61-1737-01	0	0.0606153407789988	0	0.279066928760303	0.0311502592592	0	0.0641562793766533	0.565011191824845	0.01	0.185734909514053	1.02120658700381
TCGA-24-2262-01	0.0113709341136941	0.040397234048524	0	0.365951911268379	0.0599632743594659	0.0202228159920102	0.245935282989892	0.256158547228035	0.25	0.0514125379976267	1.10114604120846
TCGA-09-1669-01	0.0833576931246113	0	0.127304499864477	0.077595389560908	0	0.00494469460501844	0.188031000898949	0.518766721946037	0.1	0.0862647577674566	1.07912676813309
TCGA-24-2020-01	0	0.0209624466900931	0	0.0331947478973655	0	0.159027479650871	0.127944604061528	0.658870721700142	0.47	0.0124306462408478	1.14109585357173
TCGA-25-1870-01	0	0.0109592828105413	0	0.282449494608815	0.0788804991116846	0.0084351611964491	0	0.61927556227251	0.24	0.0524641847452733	1.09128732500992
TCGA-61-1741-01	0.0051577305502168	0.022111489527777	0	0.253758661405798	0	0	0.18343948542074	0.535532633095468	0.36	0.0230510767879812	1.11059849038725
TCGA-13-0730-01	0.0427390547029849	0	0.0337328404198954	0.051726208595584	0.0191275140725236	0	0.132541616234666	0.720132765974346	0.29	0.0373761410933221	1.12574681891261
TCGA-WR-A838-01	0.0329930268030094	0	0	0.425822444215329	0	0	0.0189101061319855	0.522274422849676	0.53	0.005689440425218	1.10348648246888
TCGA-23-1109-01	0.176238449258479	0	0.00742554393252919	0.0586413780594349	0.00305659298673054	0.0327522459924521	0.0556578313619328	0.666227958408442	0.02	0.155327363102866	1.05261833090486
TCGA-09-1673-01	0.0031518691005254	0.00381757637892072	0	0.167669499226805	0.0301656015613306	0.175353830092402	0.143934904474272	0.475906719165745	0.47	0.0111341636943724	1.10596285061228
TCGA-24-1418-01	0.054118611772186	0.0786907682885218	0	0.463549050946702	0.00207642143782813	0.0702661635297421	0.100058594072277	0.231240389952743	0.09	0.0897772651612066	1.05531911067973
TCGA-09-2048-01	0	0.00127477330477569	0	0.380749802331049	0	0.0695645397661843	0.0524979144107403	0.49591297018725	0.55	0.00407696892985373	1.09955084902082
TCGA-24-1550-01	0.207171816171908	0	0.00489483114815033	0.0373778274289149	0	0.0235570694825414	0.0973655347114049	0.629632921057081	0	0.266122994471851	0.996994873407815
TCGA-23-1023-01	0.0622821943449145	0	0.119150236570296	0	0.0345154595243782	0.156769839183306	0.217027818500062	0.410254451877043	0.01	0.196760819733286	1.02935232802633
TCGA-25-1632-01	0.0233589166686402	0	0	0.347036925084263	0	0.155381667180478	0.0951361605359489	0.37908633053067	0.92	-0.0266953168630907	1.10213604890086
TCGA-59-2355-01	0.0290024570923184	0.00179693216732528	0	0.530122328983273	0.0997895590347816	0.0302350823153915	0.160430180458349	0.14862345994856	0.12	0.0803456726502885	1.08586556983147
TCGA-29-1696-01	0	0.00386980880984478	0	0.388036936248646	0.112778878405492	0.112280394970189	0.129971325150095	0.253062656415734	0.29	0.0341392338012566	1.08587362807145
TCGA-61-2003-01	0.0134737684892251	0.0136571741055455	0	0.177811396868378	0	0	0.0486364686457248	0.746421191891126	0.01	0.228914417166528	1.02238401174178
TCGA-20-1682-01	0.100075238774128	0	0.0920827309292529	0.133673709478477	0	0.0296734671336794	0.150966027771568	0.493528825912894	0.03	0.130840409512027	1.04753357093724
TCGA-13-1511-01	0	0.0373018249717078	0	0.422086645277243	0.0230275202912592	0	0.145064704326617	0.372519305133173	0.25	0.0499844319411556	1.08137850133238
TCGA-61-2111-01	0.20935635140534	0	0	0.399127280329466	0.0297676656593793	0.00277157220277443	0.0337500667295308	0.32522706367351	0.05	0.108852702825316	1.04898172714287
TCGA-09-2056-01	0	0.0112139115475099	0	0.121119365729473	0.096778312039246	0.0850551092432229	0.174567480277474	0.511265821163075	0.25	0.0499305028931299	1.0995325962981
TCGA-24-1546-01	0.0648616030195922	0.0370830133878857	0	0.217873758498911	0	0.0658425273833965	0.0112966866874584	0.603042411022756	0.02	0.143789571040389	1.04453541452632
TCGA-30-1891-01	0.115129303376113	0	0	0.145252974449583	0.016116357503657	0.0270138070900977	0.0574456224740187	0.639041935106531	0.05	0.104430447025542	1.06744343553648
TCGA-09-1662-01	0.00790090676983504	0.00971420134564514	0	0.232526219475122	0.07217223702878	0.201846382565992	0.0294435370325233	0.446396515782103	0.0600000000000001	0.102375158028982	1.05313325205976
TCGA-31-1951-01	0.000753907220229183	0.0111418016617255	0	0.250175403875881	0.0871988641030581	0.00178615395646806	0.272359975207752	0.376583893974887	0.05	0.112266235141419	1.08661352535165
TCGA-24-1427-01	0.139337133361932	0	0.0081700552626516	0.25204592059335	0	0.0743623834463576	0.0554384916580489	0.47064601567766	0.02	0.140526965001168	1.03330276038851
TCGA-61-2008-01	0	0.0691485335445558	0	0.370196966799731	0.0579287280034605	0.0301456504771374	0.0872277484938942	0.385352372681221	0.1	0.0861901128626149	1.05538602224084
TCGA-36-1570-01	0	0.00313555995153058	0	0.202513988454838	0.0247616955259293	0.138184158634434	0.187982792052997	0.443421805380272	0.08	0.0926674029575909	1.07343703659526
TCGA-61-1733-01	0	0.0556451165842517	0	0.542359435617793	0	0.0506838894187003	0.151196986723614	0.200114571655641	0.28	0.041327959126559	1.09202818304045
TCGA-24-1562-01	0.000127332344285544	0.0560048000903231	0	0.2479033667261	0.0412605857280365	0	0.00905460344481134	0.645649311666443	0.1	0.0841225380946811	1.07637425448606
TCGA-09-2051-01	0.0292844801984431	0	0	0.415023579266737	0.0332364515580872	0.015668015781438	0.117046836335666	0.389740636859629	0.1	0.0858335496677723	1.06221168062697
TCGA-59-2352-01	0.00910348853668571	0.0640384999906798	0	0.346250103268192	0.0928149864662372	0	0.260926768901902	0.226866152836304	0.15	0.0692278116326695	1.10055509560436
TCGA-29-1694-01	0.0605940696897292	0	0	0.382636984095953	0.0130779945005928	0.0219456677440757	0.128120949038065	0.393624334931584	0.25	0.0484336969498556	1.07611600125135
TCGA-24-1846-01	0	0.029755883404405	0	0.283084054714514	0.0353843401821589	0.00935949069477008	0.163689975838983	0.47872625516517	0.01	0.202400634958351	1.01732269090751
TCGA-24-1419-01	0.00567419837216821	0	0	0.181742706536465	0	0.146107265378339	0.0548220796892575	0.61165375002377	0.66	-0.00407839816042872	1.12117363489536
TCGA-24-2036-01	0	0.00877528269640494	0	0.564273092868368	0	0.145895027356408	0	0.281056597078819	0.29	0.0374002937977894	1.09097800466704
TCGA-23-2077-01	0	0.065309640158363	0.0147779576463863	0.0848306234328047	0	0.00211379988014005	0.135927545298796	0.69704043358351	0.05	0.103007701005628	1.08867913266517
TCGA-13-1497-01	0.0951021039471141	0	0.0398127962580519	0.201455179894511	0	0.0197424242697107	0.271260050726166	0.372627444904446	0.12	0.0804688447940076	1.09543044875129
TCGA-29-1784-01	0	0.115631860077407	0	0.097952139628207	0.0210413000193558	0	0.149779774211421	0.615594926063609	0.03	0.127925466296812	1.06461559812911
TCGA-25-1323-01	0.0593542350596009	0	0	0.204142841114616	0.053290445201878	0.038823962827571	0.0449897238194426	0.599398791976892	0.65	-0.00351844083149858	1.10805494693051
TCGA-24-1549-01	0.0252522993683511	0	0.119570516224942	0.0295370805731396	0.139904406900986	0.00568996050551154	0.316893984560478	0.363151751866591	0.02	0.133311546718476	1.10268684595337
TCGA-61-1914-01	0.00700620901077815	0.0204105103850432	0	0.296264605634074	0.0165616345173793	0	0.298561891972098	0.361195148480628	0.08	0.093277643893325	1.10222307847861
TCGA-5X-AA5U-01	0	0	0	0.560899179753592	0	0	0	0.439100820246408	0.56	0.00150153841430736	1.11597426237723
TCGA-25-2400-01	0	0.0667257033281813	0	0.318054717334289	0.0223287639191529	0.0815289599505743	0.111370117521431	0.399991737946371	0.29	0.0363459756153421	1.07524442708319
TCGA-24-2290-01	0.00474848287236151	0.0147605519648626	0	0.234882065716091	0	0.0266988319239745	0.0857450089085115	0.633165058614199	0.12	0.0801533199904115	1.08125511558727
TCGA-25-1631-01	0.0232495315460042	0	0	0.332494810792269	0.0175584032554497	0.132900605196263	0.0959346594496679	0.397861989760346	0.38	0.020464922635508	1.08310482077864
TCGA-09-1659-01	0.00487182680817651	0.0657076100765414	0	0.146806694442498	0.0914849285944719	0	0.157937479125862	0.533191460952451	0.03	0.128903639357448	1.05644417720687
TCGA-24-1844-01	0	0	0	0.282791731388865	0	0.380077613075109	0	0.337130655536026	0.77	-0.0138111708456951	1.11391506636919
TCGA-61-2097-01	0.000695103768509605	0.0282181693700885	0	0.280496230056369	0.0420393928977351	0.060933942248695	0.0754198823700443	0.512197279288559	0.23	0.0552206363311087	1.07498244161307
TCGA-36-1574-01	0	0.00611788166175904	0	0.399547727869889	0.0221419650602991	0.00736011705655487	0.268039991189256	0.296792317162242	0.02	0.141888018632975	1.06798518105701
TCGA-25-2391-01	0	0.0111610324287098	0	0.242248917545617	0.0317425942665796	0.144061109227271	0.13475806172492	0.436028284806902	0.24	0.0528231014774069	1.07818654790256
TCGA-59-2363-01	0.00637342627969741	0.012703206813136	0	0.501041490592494	0.126809741908081	0.179212766321926	0.0588441842133217	0.115015183871344	0.3	0.0318149499460893	1.09478121160545
TCGA-36-1576-01	0.0438634695637381	0	0.0548792372876523	0.202041814536559	0.0120956451202024	0.0726186321911282	0.0916564572238808	0.522844744076839	0.17	0.0641749500681379	1.07266944428245
TCGA-29-1690-01	0	0	0	0.12769931370155	0	0.237623436860501	0.0194798090397846	0.615197440398165	0.01	0.177749472820622	1.04541219304729
TCGA-25-1313-01	0	0.0095014799196452	0	0.185094140830073	0.0357217023236282	0.143468592107722	0.095016795486102	0.53119728933283	0.02	0.154037445489915	1.03904422765563
TCGA-29-2427-01	0.0227192609869785	0	0.196237985288534	0	0.00909169189782051	0	0.116563820841034	0.655387240985633	0.02	0.134167347018462	1.06233340889619
TCGA-13-0924-01	0.0179213581990247	0.0596932517229821	0.0563497266216103	0.0989344123603408	0.043846931849155	0.0482292349446897	0.151398994477027	0.52362608982517	0.02	0.150074647098079	1.04265716748753
TCGA-24-2026-01	0.0932121826467052	0	0.0154368101940482	0.0757172205805197	0.0380412854245555	0.042889733681723	0.214604865553679	0.520097901918769	0.08	0.090763501378215	1.08765718833068
TCGA-13-0893-01	0.0419048158387528	0	0.182927634271018	0.0374058236705733	0.0614371024447344	0	0.31167964263932	0.364644981135602	0.0600000000000001	0.102140223911139	1.10800894909878
TCGA-04-1362-01	0	0.0132815282920706	0	0.646007876334692	0.0396223857443601	0.0578919723424441	0.186889065417428	0.0563071718690053	0.32	0.0284741747854994	1.13054796069586
TCGA-13-0897-01	0	0.00164759404058105	0.064234751471336	0.0848451524291502	0.0464071684926369	0	0.277636181432384	0.525229152133912	0.02	0.150404333801482	1.08072319803276
TCGA-25-2399-01	0.0142879022245418	0	0	0.243176595345814	0.165173170591636	0.0268437183280651	0.0831557427146348	0.467362870795308	0.05	0.11137360224396	1.05857793675442
TCGA-61-2110-01	0.00146737263521211	0.00578499274794513	0	0.405198398887717	0.0260447061479631	0.137781538301881	0	0.423722991279282	0.34	0.0257432683440615	1.08710604769737
TCGA-24-1425-01	0.0493469573833468	0.0147202058831458	0	0.264614169499452	0.0558309267024067	0.061259794872033	0.0634074355918053	0.49082051006781	0.0600000000000001	0.101937624350529	1.05101501215581
TCGA-29-1762-01	0	0	0	0.168026509181597	0	0.485323294027291	0	0.346650196791112	0.33	0.0275639057918291	1.11647805654553
TCGA-13-1505-01	0.111264599234473	0.0315214079743426	0	0.539162395506307	0	0.0716164580224718	0.0958966474095861	0.15053849185282	0.02	0.142961862903994	1.04118353850058
TCGA-09-1668-01	0.174448347726449	0	0.0048158820236397	0.200840854321198	0.0111231173034445	0	0.317277675081289	0.29149412354398	0.13	0.0721483728023248	1.11830255313771
TCGA-24-1552-01	0	0.016935688117831	0	0.53309821206704	0	0.157308803990287	0.00833604798560579	0.284321247839236	0.25	0.0496305891360125	1.0808860715213
TCGA-13-1411-01	0	0	0.0444788472397717	0.0836028246917725	0.0302914989219493	0.0869254456713513	0.107133548568927	0.647567834906228	0.01	0.188835644626658	1.03725126649731
TCGA-61-1728-01	0	0.0280040988209778	0	0.382065562681089	0	0.046725800388019	0.0922301289794561	0.450974409130458	0.17	0.0635857789621438	1.07069972947833
TCGA-25-2392-01	0	0.0203278407621416	0	0.165891428878324	0	0.0194340193680595	0.0541404244464538	0.740206286545021	0.08	0.0946171850274597	1.09140908913835
TCGA-10-0936-01	0.179895477020126	0.011267556254253	0.0676140533524551	0.0690414888371631	0.0500400262959438	0.0129598141865276	0.231480510943673	0.377701073109859	0.01	0.202816006429715	1.02716651182471
TCGA-57-1585-01	0.11938033579256	0	0	0.245150947225985	0	0.0228272482341238	0.0362925304275324	0.576348938319799	0.02	0.144135877668959	1.04047342350327
TCGA-24-1551-01	0	0.0162408201336666	0	0.246625862162699	0.0465731744959041	0.0141752031059785	0.2042431807789	0.472141759322852	0.01	0.202627175519295	1.02472047410186
TCGA-24-1850-01	0	0.00640744903454057	0	0.260160110497239	0.0381525911287189	0	0.123940522669841	0.571339326669661	0.53	0.00518279097770075	1.11093037782609
TCGA-09-0364-01	0.0466927843197299	0	0	0.340329748812075	0.0408302765683888	0.437914268228214	0.00738153515085812	0.126851386920734	0.46	0.0134003146332452	1.09728858432043
TCGA-29-2428-01	0.0139601832215229	0.0317131094585186	0.0848921603340202	0.0650987146613042	0.0185063532567176	0	0.126884295426385	0.658945183641531	0.1	0.0859904874936642	1.08678765330587
TCGA-24-2298-01	0	0.0198094610918483	0	0.376306115678616	0.0235292404149489	0.0379913841624351	0.205699412418816	0.336664386233335	0.29	0.0353559036093938	1.09726128810708
TCGA-61-2113-01	0.0399528190878832	0	0	0.415321425479734	0.0155541696529235	0.0105532535002203	0.222975838610832	0.295642493668407	0.11	0.0835665557059734	1.08112909116426
TCGA-61-1918-01	0	0.00142824819888523	0	0.267609382712318	0	0.0835201982439667	0.046229707222935	0.601212463621895	0.05	0.107003131481182	1.06482804720087
TCGA-24-1544-01	0.276730063431297	0	0.171138930994979	0	0	0.0661793998603843	0.0868785947242305	0.39907301098911	0.65	-0.00379079025530124	1.1023059492799
TCGA-25-2042-01	0.171386062955361	0	0	0.140475371607773	0.0162391369190371	0.118154241371936	0.047344192884056	0.506400994261837	0.05	0.106954760454243	1.05357175274851
