B cells naive	B cells memory	Plasma cells	T cells CD8	T cells CD4 naive	T cells CD4 memory resting	T cells CD4 memory activated	T cells follicular helper	T cells regulatory (Tregs)	T cells gamma delta	NK cells resting	NK cells activated	Monocytes	Macrophages M0	Macrophages M1	Macrophages M2	Dendritic cells resting	Dendritic cells activated	Mast cells resting	Mast cells activated	Eosinophils	Neutrophils	P-value	Correlation	RMSE
TCGA-30-1860-01	0.0705546575691513	0	0.0266746374047236	0.133579702433499	0	0.215008834888235	0.00623159296394897	0.0754885874684011	0.0211493332707352	0	0.0607299242408264	0.0102895344831605	0.0321807528242807	0.0119449627899399	0.169540686809338	0.155938191705699	0.000143895977098829	0	0	0.0105447051709634	0	0	0	0.203637950159537	1.01737354417081
TCGA-29-1697-01	0	0.011633419386132	0.00196621762459804	0.0372935511071057	0	0.0712695609642608	0	0.0919224326893417	0	0	0	0.11187540212232	0.022616922007661	0.173683783753728	0.0436495432432755	0.0472954031456539	0	0.197061102877224	0.189732661078699	0	0	0	0.4	0.0104341981656983	1.08937530400017
TCGA-61-1724-01	0.0862473836378417	0	0.0376902646487002	0.0392855950731108	0	0.198030114075075	0.00851707361999307	0	0.0158196856621738	0	0.0257581689251913	0.0108653657094355	0.0273029074013707	0.150825170990396	0.0982759776814241	0.26929440598684	0	0	0.0320878865884477	0	0	0	0	0.159909399407884	1.02094283613986
TCGA-29-2425-01	0.0896041306547865	0	0.0216268397367262	0.0311860978813576	0	0.132409766210053	0	0.0239893047977758	0.0327719945857728	0	0.0617469025005129	0.0167388963410009	0.00567213209685382	0.289647254636207	0.0892298961837356	0.190536637541237	0	0	0.0148401468339815	0	0	0	0	0.119402546960645	1.04845990126353
TCGA-61-2109-01	0.0387156794583393	0	0	0.0155839718480587	0	0.200465817688727	0	0	0.0583100926358339	0	0.00219287358271541	0.0494920096829534	0.0109192031101983	0.303895567447199	0.00761160620889082	0.250715137332976	0	0.0534263684353325	0.00867167256877517	0	0	0	0.1	0.0637441799449537	1.08164214157306
TCGA-29-1778-01	0.0816486700323239	0	0.0367552817638306	0.0691617352017404	0	0.280103798419197	0	0.0194430393036688	0.0482914044311542	0	0.0659096469009061	0	0.0137387528967704	0.0841718864630093	0.0954958604550697	0.183441922704949	0	0.0202948217110462	0.00154317971633428	0	0	0	0	0.185125890898597	1.01433845651642
TCGA-24-1417-01	0.0663178112863209	0	0.00599154421822131	0.0178939088844444	0	0.182755246306386	0	0.0110847388175471	0.0280378272634949	0	0.0375865472720282	0.0115285832111958	0.00707212930154528	0.204350160569261	0.057508707874919	0.239061640314863	0	0.11152274478589	0.0192884098938845	0	0	0	0	0.225398840873124	0.997230076231324
TCGA-23-2078-01	0.206755106070574	0	0	0.139419783364131	0	0.265702255015049	0.0352974412303888	0	0.00543166014074373	0	0.0599740196747075	0	0.0286110793020621	0	0.114289363106326	0.143255257490531	0	0.00126403460548696	0	0	0	0	0	0.249855232620147	0.993272516057262
TCGA-24-1413-01	0.00903690249267174	0.0328823145169329	0	0	0	0.126682749981384	0	0.0734373611981347	0.0168398250897423	0	0	0.057782623749423	0.0411835865836343	0.176336762028569	0.0431097739916175	0.0922151129817366	0	0.228768297097617	0.0916166967068844	0	0	0.0101079935816522	0	0.10743067955886	1.04665633889571
TCGA-31-1959-01	0.0378152314395344	0.0112232858235791	0	0.0434822942486694	0	0.283512721858694	0	0.00670099986891886	0	0	0	0.039409360075157	0.0400509440525596	0.0597692257464038	0.0322268705089537	0.368408111863497	0.00223829422661953	0.0351221532890204	0.0256316580894265	0	0	0.0144088489089671	0	0.20351490674432	1.00389634979181
TCGA-13-0800-01	0	0.0107469695599532	0	0	0	0.3122978042938	0	0.097324624833269	0.0085288841977788	0	0	0.0669633802841716	0.121112097367066	0.119977614154525	0	0.0188246233583069	0	0	0.229352548584247	0	0.014871453366882	0	0.5	-0.0156356437161391	1.0974230474905
TCGA-25-1326-01	0.0297911897311499	0	0.00481106392120365	0.0644301938739272	0	0.301559591927504	0	0.0243882781086397	0	0	0	0.0467997058708844	0.0286554457277977	0.0959332847936142	0.110871023733022	0.275792102513411	0	0	0.0152076989656703	0	0	0.00176042083317593	0	0.109119624538413	1.04980711363665
TCGA-13-1403-01	0	0.0194709168456959	0	0	0	0.311673039826543	0	0	0.0149660588092462	0	0.0566368953148157	0	0.00261836848199958	0	0	0.196043187244031	0	0.397221243694107	0	0.00137028978356192	0	0	0.3	0.0326577170727604	1.1124540048426
TCGA-25-1322-01	0.092715856710281	0	0	0	0	0.160174974627353	0	0.0396514571755612	0	0	0.0140036168940712	0.0250912054595332	0.115572625340313	0.0159819115309441	0.0148095001512066	0.34202073646686	0	0.153542982865213	0	0.0158728238379283	0	0.0105623089407356	0.1	0.0634009449309953	1.05813154744791
TCGA-24-1558-01	0.0038959363102145	0.00460301243738001	0	0	0	0.152123221237171	0	0.0319031343874341	0.0245697566298515	0	0	0.173545954833339	0	0.409437062463849	0.00184933437280436	0.157316630354728	0	0	0.0407559569732299	0	0	0	0	0.113283626532026	1.08182881408302
TCGA-24-2288-01	0.11830549899184	0	0.0620531830299749	0.0942826820945941	0	0.298579265710171	0.0159473123401335	0.0410353679731274	0.0030287845900387	0	0.0506291667837839	0	0.02484127764623	0	0.118122553518726	0.17000896087216	0	0.00223510302382415	0.000930843425396539	0	0	0	0	0.254618695275133	0.988058339505485
TCGA-25-1626-01	0.0854369633756807	0	0.00206350863984147	0.0778367820916511	0	0.265667719813109	0	0.00649711223196093	0.00938975088631905	0	0	0.0346272264399855	0.0569152971565127	0.0364874307937471	0.0263197704725582	0.265816507093181	0	0.0353950686546353	0	0.0871705840215051	0	0.010376278329312	0	0.132372643152055	1.03018652250197
TCGA-24-2035-01	0.087064502278351	0	0	0.0580188211478818	0	0.2037041731672	0.00530595970847665	0.00835814154743202	0.0194951321140884	0	0.045743240693159	0	0.0819728044820475	0	0.0694714893152149	0.37287043395606	0	0	0.0292162565143191	0.000920372135517862	0	0.0178586729402524	0	0.141554846987473	1.026299189619
TCGA-57-1584-01	0.00401074173681769	0	0	0.0166412339475036	0	0.182957545722291	0	0.0262297429200033	0	0	0	0.0476182498007435	0.137833540270133	0	0.0140915751695812	0.402034348422453	0	0.12023096498946	0.0483520570210135	0	0	0	0.2	0.035816108335497	1.07310652223041
TCGA-61-2012-01	0.103371017147085	0	0.0653072594791385	0	0	0.235151864710612	0	0.010792739573732	0.00470305590460047	0.0147200629535554	0	0	0	0.343204352935948	0.143266958155038	0.00240409539546597	0	0	0	0.0516487970534275	0	0.0254297966913971	0	0.189949974802827	1.0264981687024
TCGA-23-2084-01	0.00135217074815447	0	0	0.0139405530997145	0	0.200329917557802	0	0.0338797815250922	0.00291816454369531	0	0	0.0499606724295397	0.195290814961913	0	0.0198188976212514	0.287473555461261	0	0.15913905925969	0.0358964127918867	0	0	0	0.1	0.0587474114719993	1.06137709489813
TCGA-29-2414-01	0.13048887806927	0	0	0.0443197480776827	0	0.309043867521627	0	0.0034713569055566	0	0	0.0346211612618145	0	0.0201772084761776	0.151539262184497	0.0389389761411442	0.251536405347452	0	0	0	0.0136712622216382	0	0.00219187379313943	0.1	0.0671941243954604	1.06293245941415
TCGA-24-2281-01	0.0332384363253177	0	0.00662345954371381	0.0655259750721993	0	0.123701089148053	0	0.0309154737644323	0.0877950489616311	0	0.0162941332028652	0.0105265724465389	0.0306469910337343	0.390248891546821	0.0693586458909658	0.135125283063727	0	0	0	0	0	0	0	0.101588974176215	1.07189304718321
TCGA-24-1422-01	0.0607310297985105	0	2.82344712773764e-05	0.0758317858811789	0	0.213140592595634	0.00282607525457254	0.0100465952783199	0	0	0.0347978755014308	0.0412498892312127	0.0949199959313755	0.0271478051203507	0.0464211247634692	0.387914619551843	0	0.00494437662082477	0	0	0	0	0	0.105291508089839	1.0467211733125
TCGA-25-1627-01	0.0958143234485489	0	0.018986577986662	0.00674667229883333	0	0.181718008087728	0	0.00606038922292336	0.035183760240591	0	0	0.0707152532135786	0.021850465647963	0.249923885268386	0.0388680157993762	0.263355178689808	0.00333449402972637	0	0	0.00200949233255093	0	0.00543348373332406	0.1	0.0903744347656432	1.06086833498391
TCGA-25-1635-01	0.088928806080597	0	0.00852381670260076	0	0	0.293799289934313	0	0	0	0.00317004456402421	0	0.026119606408995	0.00693388741051123	0.129667062671682	0.0578829545098515	0.277349967980779	0	0.0385708187607085	0.0690537449759379	0	0	0	0.1	0.0784570543034441	1.0512556576376
TCGA-24-2297-01	0	0.0342649492480869	0.00280507301295389	0.0320806141030165	0	0.296880181751637	0	0.0456476942077096	0.00428466623659326	0	0	0.043137330465938	0.119410263819222	0.112558188022779	0.0342803030487027	0	0	0.0753312854930369	0.18328537929833	0	0.0160340712919937	0	0.5	-0.0109275511048031	1.08267697585618
TCGA-25-2409-01	0	0.0221999440162546	0	0	0	0.167797310689065	0	0	0	0.0104578888343169	0	0.068530694606495	0.0354626322769428	0.167115112422951	0.122190477038607	0.236170026583362	0	0	0.170075913532006	0	0	0	0.1	0.0910534882840773	1.05407084887781
TCGA-24-1469-01	0.108506867207805	0	0.00342032546162667	0.0219631556995861	0	0.138933175512243	0	0.0321199180139315	0.0630995043503064	0	0.00365810150659359	0.0361471934125574	0	0.336750736724584	0.121500124688882	0.127560409851705	0	0	0.00634048757018054	0	0	0	0	0.137587727713429	1.049323170907
TCGA-57-1993-01	0	0.00222507911797801	0	0.0610673117177293	0	0.180153656500315	0	0.0161502447000895	0.0578988416778842	0	0	0	0.032580028705865	0.325537314674966	0.0306907870004517	0.120992905472895	0	0	0.170321441933295	0	0	0.00238238849853008	0.1	0.0673284162242548	1.07203387247479
TCGA-25-1321-01	0	0.0368475934721207	0	0.0485031399142907	0	0.258243995923179	0	0.0376364665824309	0.0385527854994111	0	0	0.0548431931980374	0.0996913858305424	0.15321459797782	0.0213638083573534	0.0678262071640355	0	0.0095741810542481	0.165623874239204	0	0.00807877078732678	0	0.3	0.0319835735587932	1.06783833759012
TCGA-30-1862-01	0.0817769433617744	0	0.0236613239547619	0	0	0.466576524564585	0	0.0260766929120215	0	0	0.0553153039767298	0	0.0123290871431518	0	0.096601224948789	0.212561325459042	0	0.0109029959146915	0	0.0141985777644523	0	0	0	0.10757672776219	1.05463615214255
TCGA-23-1114-01	0.0301709724216202	0	0	0	0	0.291576512543279	0	0.0272770130249415	0	0	0	0.011182833807008	0.0118977083278271	0.254580628697367	0	0.150811096144366	0	0.208242802315727	0	0.0142604327178634	0	0	0.3	0.0154894983355423	1.10004608268073
TCGA-24-1424-01	0.0622940196110344	0	0.0170131155654744	0.0365964546199511	0	0.182256558280968	0	0.0620781278886698	0	0	0	0.0414646968557038	0.0544002158200901	0.107636631733233	0.0949284316414291	0.275622488258184	0	0	0.047837474642086	0	0	0.0178717850831765	0.1	0.0684798765515975	1.05493569090696
TCGA-57-1583-01	0	0.0417936807647297	0	0	0	0.116669245261707	0	0.00746105774394483	0.0363405878963801	0.0107164256008019	0.00484349348738209	0.0298402927363888	0	0.523308856351904	0.00428362675861809	0.213519273132579	0	0.00166459869298935	0.00955886157257509	0	0	0	0	0.153304680396284	1.08340519715867
TCGA-24-1928-01	0.0328188851715147	0	0	0.0524608196781706	0	0.328122971263835	0	0.0149674536769446	0.00991394631617551	0	4.0146137607116e-05	0.0264089336709338	0.0243356919058966	0	0.0817322157004153	0.421167899621602	0	0.0080310368569048	0	0	0	0	0.3	0.0266541635263224	1.08822479634203
TCGA-25-2393-01	0.148833359609199	0	0	0.0741624277196685	0	0.139434635603372	0	0.0394622699625307	0.0232720349659008	0	0.00201808731832293	0.00514648210062355	0.0355257864278173	0.305692418884869	0.0385645259091267	0.155988963403444	0	0	0	0.0168441684653818	0	0.0150548396297435	0	0.129504549520904	1.04527176946485
TCGA-29-A5NZ-01	0	0.0250687135969123	0.013820618888271	0	0	0.344314978134089	0	0	0	0	0.0343613714677778	0	0.00569386666761043	0.270533123866826	0.0284498597604572	0.112656729098818	0	0.14164185868304	0	0.0234588798361987	0	0	0.1	0.0783082536167265	1.06885176607892
TCGA-OY-A56Q-01	0.06687677390026	0.0195885513441277	0	0	0	0.147393501307297	0	0.0250958900714169	0	0	0	0.105362381829198	0.00393279680513131	0	0	0.542979744807637	0	0.0517953227218709	0.0369750372130606	0	0	0	0.6	-0.0293022007313175	1.1133753822912
TCGA-61-2104-01	0.0766890698997832	0	0.00708860025627564	0.0236726189810039	0	0.183665061013406	0	0.022589441542664	0.0431032135530633	0	0.0180878494348701	0.00296320951907247	0.0151098849634857	0.136487763666256	0.151332480753455	0.219978725112793	0	0.0946738502067216	0	0	0	0.00455823109714975	0	0.150924627991242	1.03797605458474
TCGA-59-2348-01	0.0627921690937921	0	0.0540641368732617	0.0322400592463625	0	0.102025474271309	0	0.0442493607050899	0.0287065518058057	0	0.035735299472508	0	0.0128682374530636	0.265684293047898	0.0978138530093978	0.242142693185251	0	0	0.0216778718362608	0	0	0	0.1	0.0712116704266437	1.06922913318987
TCGA-13-1512-01	0.00730753021290036	0.0199375278580638	0	0.051030854882064	0	0.219605453736846	0	0.0199292236367884	0.00235987728587262	0	0.0112987033633615	0.0143636569672052	0	0.306884965918797	0.143800793168383	0.196820644787131	0	0	0	0.00666076818258787	0	0	0	0.141272750632461	1.05415441721517
TCGA-24-1563-01	0	0.0097165215714397	0	0	0	0.360295159288993	0	0	0	0	0	0.0507768273951855	0.030479991335352	0.110667827913116	0.037287968811873	0.249484697499586	0	0.0396908268610977	0	0.107349716864458	0.00425046245889928	0	0.3	0.0248211389181236	1.08298579873041
TCGA-25-1320-01	0.0717313028085794	0	0.0126440778013527	0.0640687665224872	0	0.24895463578705	0	0	0	0	0	0.0689837401875164	0.0369817091348854	0.244403473684025	0	0.167464111991696	0	0.0713440615981578	0.0134241204842496	0	0	0	0	0.13428488570441	1.03760713486643
TCGA-24-2027-01	0.244911549517352	0	0.00275052094468602	0.0432502670470091	0	0.170089494900828	0	0.0108571076305559	0.0357466245153447	0	0	0.0804358529389183	0.0270790395053039	0.031483890362105	0.0731665065803438	0.268958836937882	0	0	0.0112703091196709	0	0	0	0.9	-0.0561468859399676	1.11767045303208
TCGA-61-1725-01	0.0462987237222808	0	3.58806358816936e-05	0.0764150174938019	0	0.215696965473798	0.00149879419068708	0.057064999837794	0	0	0.0233639073215875	0.00662144198950428	0.00143289595227582	0.0124417091113408	0.118398734098757	0.370870695056576	0	0.0207189283072163	0.0161412091437732	0	0	0.0330000976647255	0	0.15733997154909	1.02786462380869
TCGA-61-1998-01	0.00382819735937318	0.00282341906087333	0	0.0229625200321642	0	0.177681766241499	0	0.015884978150403	0.0140767569160026	0	0.00451251783940884	0.024032523905484	0	0.504995580435828	0.00606230965036086	0.190052918489792	0	0	0	0.0296008596826574	0	0.0034856522361536	0	0.266873487226115	1.01552857727385
TCGA-23-1123-01	0.0708870986769092	0	0.00754599074561535	0.0980621817292165	0	0.204501081962313	0.00548581569573209	0.0547177830323624	0.0309703812083404	0	0.0717456360511266	0	0.0333647590628524	0.0157269723549593	0.0837868418992707	0.267080860274877	0	0.055954597092433	0.000170000213991114	0	0	0	0	0.162322850512349	1.02247444296761
TCGA-61-1995-01	0	0.00182540852550515	0	0.0536547611480712	0	0.268766498639006	0	0.00965522947807235	0.000872885247351555	0	0	0.0752210681856437	0.0550373458750863	0.118664436992284	0.0592197355963011	0.22661765781093	0.0120164492104465	0	0.118448523291302	0	0	0	0.1	0.0866378625106922	1.04941441963466
TCGA-24-2267-01	0.0771466818627219	0	0.0277199998123675	0.0104224276322588	0	0.177094486398145	0	0.0638022458935264	0.0337219981685344	0	0.0481047228496319	0	0.00880472633335464	0.173142933034966	0.161599994283112	0.218439783731381	0	0	0	0	0	0	0	0.144120868326586	1.03806550595545
TCGA-24-1103-01	0.00155575887369401	0	0	0.100146781764457	0	0.148407125347168	0	0.0790027613256114	0.00825850590561655	0	0	0.0847964241120965	0.0449207192527183	0.157524473899332	0.0180949935404489	0	0	0.112368994964069	0.236318734165846	0	0.00860472684894189	0	0.3	0.0139274651954369	1.08385356408261
TCGA-04-1365-01	0.0720561232475226	0	0.00683647166449192	0.107958836191739	0	0.212616283771217	0.00629504803538118	0.0637036477259906	0.0166539460500152	0	0.0300468251978731	0.0167401168816457	0.0439596136180388	0.113421356552995	0.136579255702181	0.173132475360909	0	0	0	0	0	0	0	0.198647712789623	1.01142311837292
TCGA-25-1623-01	0.0567378397397922	0	0.0271424502552651	0.0423463368546764	0	0.354779966105724	0	0.0313239860796305	0.0288591636715941	0	0	0.0217398131897034	0.0409080248605058	0.106930881228764	0.0951559890808433	0.182038600700908	0	0	0.00419531461671124	0	0	0.00784163361588276	0	0.116702034228666	1.04493496714938
TCGA-04-1364-01	0.445184877147954	0	0	0.0745341517044687	0	0.111641062029381	0	0.0318396585836016	0.0279709233526076	0	0	0	0	0.230195777741164	0.00289758211836023	0	0	0	0.0757359673224622	0	0	0	0.4	-0.00180688250936288	1.14192057500931
TCGA-31-1946-01	0.040075701115313	0	0.00835407883564035	0.0250884584009008	0	0.165966604738111	0	0.00783577988138142	0.0290292846682628	0	0.0186813371360109	0	0	0.359720820133096	0.0496799052688819	0.252191262628597	0	0.0423393535828943	0	0.00103741361091054	0	0	0	0.226777773431355	1.01432371003564
TCGA-04-1514-01	0.0182562011358381	0	0.00751053330121011	0.126723834691017	0	0.283446283023226	0	0.0969087256592562	0	0	0	0.0850147654100857	0.144561558438342	0.150946564900809	0	0	0	0	0.0630487801135418	0	0.0235827533266741	0	0.4	-0.00260968839143767	1.10464706606635
TCGA-20-1687-01	0.0881755364930076	0	0	0.0901419674977003	0	0.285376371946854	0	0.0329466253410564	0.00383066391247476	0	0	0.0328993274628564	0.0537253411149517	0.101411147526706	0.0310324974867178	0.130937492254089	0	0.0224894832094927	0.127033545754093	0	0	0	0.1	0.0776457249144365	1.04980376762932
TCGA-29-1705-01	0.0293396738358475	0	0	0.0273009686491253	0	0.285093649287549	0	0	0	0	0.0233811765286003	0	0.0090235032323654	0.256745416982414	0.0572141326934119	0.307720241131982	0	0	0	0.00418123765870551	0	0	0	0.127951407690114	1.05299064751102
TCGA-24-2024-01	0.0241276821224214	0.0582035591465766	0	0.0119279542156671	0	0.223058138310003	0	0.0103484108701705	0	0	0.0291539961558917	0	0.0298993924741483	0.260745292474942	0.0479561656904515	0.219795596225167	0	0	0	0.0847838123145607	0	0	0	0.110560089336749	1.05129513745734
TCGA-23-1029-01	0.044319513273407	0.0127351612560298	0	0	0	0.148443564055669	0	0.00829633431007006	0.0170604814673885	0	0	0.0856656576764456	0.054666266495372	0.00127287878071893	0.0298592747467313	0.261109163456077	0	0.319864954320258	0.0155169736534508	0	0	0.00118977650838319	0.1	0.0697111199349168	1.07820511519611
TCGA-59-2350-01	0.00248168817696638	0.00550294554395364	0	0	0	0.278789788159893	0	0.0393204390511718	0.0538670108669677	0	0.0297393158368281	0.0376275890547521	0.056879342100702	0.232690166005378	0.0484216206833027	0.0179701671487911	0	0.0221483192063287	0.173733992166553	0	0	0.00082761599841158	0.1	0.060623651611654	1.06327573938063
TCGA-13-1506-01	0.141999322561488	0	0.00843206485416435	0.0225877580301579	0	0.0860158645896289	0.0384941439493286	0.0344758432613377	0.0448430528624959	0	0	0.0553006811077621	0.052304686501731	0.0910445222073674	0.0173993423091	0.0969570666728656	0	0.278599320610174	0	0.0200883721210651	0	0.0114579583613329	0	0.125650073564768	1.04145548645329
TCGA-24-1616-01	0.0394576908503199	0	0	0	0	0.273819715088831	0	0.00178350674216189	0.00487196544550661	0	0	0.140141769950367	0.0213339936763729	0.107077527120147	0.0786076299083354	0.193104227702915	0	0.0806873147134377	0.0591146588016063	0	0	0	0.4	0.00648720670368791	1.09044620718275
TCGA-24-1423-01	0	0.00426796844093594	0.00490801878186066	0	0	0.171392111118158	0	0.0509929859601304	1.62465198456442e-05	0.0735336394071657	0	0.0915111062650212	0.0156115620597868	0.303853456642319	0.0638019036406481	0.0206775533068433	0	0.0115245516106554	0.18790889624663	0	0	0	0.1	0.0628315959553561	1.0728176778776
TCGA-29-1710-01	0.0646767342506806	0	0.0103611114207636	0.0898597935925818	0	0.133765835715765	0	0.0167264496958699	0.0648659499466798	0	0	0.0756785259163786	0.0142065451426469	0.107340485225447	0.0444335096516121	0.312309763565146	0.0250059267184085	0	0.0395451592898771	0	0	0.00122420986814329	0	0.139994544805884	1.02942149404654
TCGA-24-1467-01	0	0	0	0.0687199613895454	0	0.289686902514288	0	0.0830882397621981	0	0	0	0.0336107679636425	0.0510074452708637	0.0609842323654565	0.098069466343198	0.238751010038381	0	0	0.074567759070533	0	0.00151421528189313	0	0.4	0.00555595941915033	1.08821123776083
TCGA-24-2023-01	0.0403601976629822	0	0.000582825203292484	0.0583788849629379	0	0.225926341437357	0.0133419428672974	0.0147240194231042	0.0396358833539311	0	0.0214850537251466	0.0444249209705474	0.0209551082153893	0	0.10831593546447	0.32438337261715	0	0.0854876646423275	0	0	0	0.00199784945406658	0.1	0.0698451748353621	1.06729084108046
TCGA-61-2098-01	0.107656881939227	0	0	0.073853558611537	0	0.102475127541128	0	0.0253758519929694	0.0725386885777205	0	0	0.112603402539202	0.0211736314921426	0.347863067843555	0	0.0692136422234292	0	0	0.0672461472390889	0	0	0	0.5	-0.0092789317903198	1.10969706286844
TCGA-24-1567-01	0.0990147754496986	0	0	0.104151640037904	0	0.0444308338665927	0	0.120084769176615	0	0	0	0.00725103811357681	0.0210762380852581	0.420311812000257	0.0202669542276414	0.110642222917941	0	0.0162078516652292	0.036561864459287	0	0	0	0.4	0.00947418181842764	1.11319212369944
TCGA-31-1956-01	0.0202137585019019	0	0.0083342173043312	0.066503288702081	0	0.269407508903107	0.00640293119612608	0.0167635311407222	0.0165711000936772	0	0	0.0423318470061834	0.0302047964123566	0.231094408618278	0.0698373952492349	0.182259779344785	0.0106678373460739	0	0.0294076001811418	0	0	0	0.1	0.0677481593529835	1.0672116193193
TCGA-61-1738-01	0.101769442930518	0	0.0217597649481581	0.0178660878089037	0	0.0618259745536591	0.00313609499402116	0.0488799840604267	0	0	0.00919676893108301	0.0127245918751534	0.0118082534655415	0	0.102558233028995	0.29250330333805	0	0.278898476073988	0.0142384273286425	0	0	0.0228345966628585	0	0.178948119830232	1.03455285026947
TCGA-24-1930-01	0.116606584543041	0	0.0816441572120643	0.0293426873959741	0	0.200161696599854	0	0.0279774716348921	0.00234819325032363	0	0.0287121358267135	0	0.0146551543844761	0.0571808288537717	0.0793911883088041	0.359501443189351	0	0	0.000794015922452877	0	0	0.00168444287828201	0	0.275843711480124	0.973566230590201
TCGA-61-2009-01	0.0227222825260684	0	0.000535493108832787	0.141651098261267	0	0.183039414960893	0	0	0	0	0	0.0392352917851633	0.0380118494180251	0.0798992547577751	0.100225605157658	0.280920246686941	0.00608764213308324	0	0.107671821204292	0	0	0	0	0.124947965619417	1.03497488451682
TCGA-13-0883-01	0.0216723402782582	0	0	0.0799046651152813	0	0.231895886242622	0	0	0.0172926889307766	0	0.0232250945755067	0	0.00204532610459377	0.260953151609516	0.0549187977768857	0.270998948528629	0.0099766633270252	0	0	0.018176306543467	0	0.00894013096743845	0	0.131030463667733	1.04941879404973
TCGA-24-1603-01	0.00172970077436944	0.00360595388762325	0	0	0	0.384685017561386	0	0.0156474119736949	0.0379853920653483	0	0.0107598695335252	0.112154975430262	0.0536083123811837	0.180779927196425	0.0210621392786036	0.0171583276455699	0	0.00578510392825805	0.142430433378092	0	0	0.012607434965659	0.2	0.0480308541521009	1.07990170358648
TCGA-24-1430-01	0.00646869652841659	0.00826556122239797	0	0.0755189989269111	0	0.307769994341971	0	0.0479583208552151	0	0	0	0.0939072800321302	0.0546414948917296	0.162995166315803	0.0143040389581651	0.0643644435529054	0	0	0.163339561363413	0	0	0.000466443010941447	0.4	-0.0059038701954557	1.09690768550857
TCGA-10-0928-01	0.0553244197303123	0.00678125714970663	0	0	0	0.379895239543978	0	0	0.0238529226491578	0	0	0.0723472967885419	0.016650747977348	0.128805621600347	0	0.174075647730836	0.0141729246216493	0.10864811866435	0	0.0194458035437731	0	0	0.3	0.0187436256278522	1.08465689914896
TCGA-29-1688-01	0.056127252277167	0	0.00157978001371971	0.0521939174486784	0	0.161347040357067	0	0.0254793228710118	0.0148438304222894	0	0.0248548775663253	0.0118957737583337	0.0833557397919623	0.045827081971613	0.0649735608143229	0.41920418574384	0	0.0193596030161861	0.018958033947483	0	0	0	0	0.121294275540665	1.03985380879469
TCGA-25-2401-01	0.0568347966749824	0	0.00200976912778256	0.0250474076946838	0	0.19941098020235	0	0.0139395160356194	0	0	0	0.0283131909594399	0.0579282246883445	0.000213241475149164	0.104483060630993	0.427760172951775	0	0.0653300845357533	0.0110891660408453	0	0	0.00764038898228208	0	0.228458580245263	0.997575744647722
TCGA-29-1703-01	0.00599910736141654	0	0	0.0301551236664561	0	0.296792243848001	0	0.01937406953026	0	0	0	0.0797403117109115	0.0402685274859389	0.190081145481932	0.0688864969095159	0.234282352965499	0	0.0262303261568513	0.00678005453043374	0	0.00141024035278333	0	0.1	0.055304172368472	1.07595742106555
TCGA-59-A5PD-01	0.0334966899429233	0.0191514070397437	0	0.0278410387459443	0	0.277867296516203	0	0	0.00289319798483115	0	0	0.0180499529709738	0	0.459623943981172	0.0525370774126301	0.107188398907952	0	0	0	0.0013509964976263	0	0	0	0.116506248766184	1.07874847981472
TCGA-25-1633-01	0.0826681033526586	0	0.0013629172376166	0.116926617610565	0	0.253838844776317	0.0161160738852676	0.0425373104035296	0.0383004305426118	0	0.0127033637295679	0	0.0528328819954876	0	0.0615828203846382	0.277931139242562	0	0.02904813807244	0	0.00150909953279515	0	0.0126422592339425	0	0.138572270657252	1.0331052768393
TCGA-25-1317-01	0.0916269333552387	0	0.0452822779328147	0.00714483808147213	0	0.205877590163678	0	0.0231312368330391	0	0	0	0.103650442741373	0.0699551094329682	0.217919418241261	0.0770636880892522	0.107574973410164	0	0	0.0507734917187386	0	0	0	0	0.153514998629915	1.02338750551858
TCGA-61-1910-01	0.00187875002140434	0	0	0	0.0327072884691226	0.103445467939576	0	0.0264443139114763	0.000711596403579161	0.0855421771907858	0	0.0193607536204648	0	0.336496302897081	0.0379428969354308	0.334588656146831	0	0.00983006778525114	0	0.0110517286789973	0	0	0.1	0.0549272745658127	1.1048704598305
TCGA-61-1900-01	0.138593322205014	0	0	0.0390679287278017	0	0.238343353250204	0	0.105764619918184	0	0	0	0.0829704845825962	0.0407775814052997	0.0342406031474808	0.0890830606487389	0.231159046114681	0	0	0	0	0	0	0	0.104965864478722	1.04977602717591
TCGA-30-1718-01	0.105551852938204	0	0.0139361668055826	0.0768051176364905	0	0.352883722025369	0	0	0.00186397467522142	0	0	0.0225513433031949	0.0193025471517463	0.060714216856257	0.0879311102874884	0.167044309164301	0	0.0038984741661241	0.0875171649900211	0	0	0	0	0.144552713140352	1.02809473890702
TCGA-23-1111-01	0	0.00454985575693805	0	0	0	0.432724427263699	0	0.0175791262025765	0.02047976736776	0	0.077631224095013	0.0278547329404923	0.0671206764332922	0.167807115007075	0.0214084404481253	0.00403009387206838	0	0	0.144549111619839	0	0.0142654289931215	0	0.2	0.0358589015664588	1.08341696726918
TCGA-13-0916-01	0.118799591174761	0	0.00436760818038358	0.122221469004128	0	0.0877624930502071	0.00628290932667386	0.0896986642674412	0.0551924720807402	0	0.0468289795510343	0	0	0.181715149880609	0.18690224899537	0.0868677905788607	0	0	0.0133606239097921	0	0	0	0	0.213802926660841	1.01260779539252
TCGA-09-0367-01	0	0.0595857214223032	0	0	0	0.121492567774072	0	0	0.00884865876286989	0.0541569520030081	0	0.0801276455505219	0.0136597370073683	0.194144777316877	0.0738238762422473	0.339023885634247	0.0232931183489012	0	0.0318430599375832	0	0	0	0	0.12282755209759	1.04867588498861
TCGA-61-2002-01	0.0687186723716143	0	0.00254149875568033	0.123184876925963	0	0.21672722098132	0.0200269301856149	0.00469508616293172	0.0839504852862957	0	0.0126494217420956	0.0353807599601984	0.0591329344463408	0.0464812958763425	0.113221216478534	0.157140320876844	0.00304732572853485	0	0.038660937884873	0	0	0.0144410163368167	0	0.220019270105903	0.998570522391374
TCGA-61-1721-01	0.0178721625211019	0	0.00222983496654809	0.0743135292958481	0	0.227123872084464	0	9.07049602093436e-05	0	0	0.00114895466887919	0.0107495206713983	0.0701275171170288	0	0.00596388125061711	0.471873132749461	0	0	0.118506889714444	0	0	0	0	0.153524217407257	1.02779490689886
TCGA-09-2054-01	0.251892599621248	0	0.0226272030039017	0.0149314134292415	0	0.192595446867038	0	0.0194153572090556	0.00378927392933418	0	0.0271626109312941	0	0.0292764387616404	0.0995428763664824	0.0605620566817267	0.278204723199038	0	0	0	0	0	0	0	0.255735975548729	0.985053002137578
TCGA-25-2396-01	0.0664444253557372	0	0.0154132869366782	0.119372314258545	0	0.203447213070338	0	0.0328482004411107	0.0709111838459468	0	0	0.076234899613682	0.0463704689483782	0.0174700030472744	0.101644959595011	0.22518791852681	0	0	0.0212468902418946	0	0	0.0034082361185949	0	0.123322818388066	1.04300640502986
TCGA-13-0920-01	0.109198068977129	0	0.07520719666925	0.161523687458038	0	0.142909334526521	0.0355096739931541	0.0486660229456033	0	0	0	0.0208706597639617	0.0269068927470905	0.0367211679513308	0.120842120257428	0.12004494581597	0	0.0816209556804842	0.0199792732140404	0	0	0	0	0.229998637954266	0.996725133273208
TCGA-24-1604-01	0.0365516594194049	0	0.000936517923641202	0.0239178182913363	0	0.188407538140052	0	0.0419567556557609	0.0256896568520834	0	0	0.0814929227780369	0.0707115159757285	0	0.0387289507026685	0.243914376902236	0	0.198540101265403	0.0451237307509573	0	0	0.00402845534269059	0.2	0.0450823047824485	1.06835377285636
TCGA-25-2398-01	0.00494316010204382	0.00293317129075251	0	0.0491506372729612	0	0.150341563311633	0	0	0	0	0	0.0630416641268023	0.0177713002759871	0.521287804728552	0.0298473886700651	0.115582899760768	0	0.0140750407164859	0.0310253697439487	0	0	0	0	0.167846895328163	1.06547575956852
TCGA-25-2404-01	0.0464319768541681	0	0.00709301302087946	0.101031685858448	0	0.221463076826907	0	0.0329108553980908	0	0	0.0144222707717372	0.0199456116150366	0.0283277585167701	0.00124259570572906	0.182489595631614	0.287661186689884	0	0.0284700966979212	0.024040223907726	0	0	0.00447005250508758	0.2	0.0389683639763186	1.0890958277391
TCGA-29-1783-01	0.0524505356713929	0	0.0327080743482275	0.0638229758786916	0	0.212094692601596	0	0.00945846915300504	0.00852518662816686	0	0	0.020429755925811	0.0337111044111009	0.0597877178225893	0.0888540457550353	0.366221463307145	0.0183970989971227	0	0.0147589830408537	0	0	0.0187798964592619	0	0.141880364520538	1.02961306049325
TCGA-36-1569-01	0.0911532258977299	0	0	0.0993912265389877	0	0.29042341350647	0.00401531841278688	0.0116518449798089	0	0	0.0377126692759874	0	0.0415964533218944	0.0973374043968481	0.0666058118891898	0.235030517680738	0	0.00653168158149421	0.00836866682672156	0	0	0.010181765691343	0	0.164075448099645	1.0210811349915
TCGA-24-1416-01	0	0.00133780063199369	0	0.0201820766502038	0	0.260630684618435	0	0.0495069014832515	0.000652464804501797	0	0	0.05788023110573	0.0294589345632993	0	0.0163950435164135	0.358638298210871	0	0.122116282863448	0	0.0745582833880879	0	0.00864299816376348	0.2	0.0487717849645282	1.07074384054202
TCGA-57-1582-01	0.0959473996120157	0	0.00514170049831801	0.0521537879976445	0	0.306143303634453	0.0147042657722437	0.00917733545715561	0.0158707258422181	0	0.0335531112008144	0	0.0467189087297064	0.100997445546047	0.0771284239185432	0.232349135088749	0	0	0.0101144567020915	0	0	0	0	0.112837856396913	1.04085288268062
TCGA-25-1630-01	0	0.0482799636750769	0	0	0	0.0672133073404528	0	0.00743014526134543	0.0303264193507711	0	0	0.0211102059015643	0.0211541675146505	0.312842790046678	0.0537992561499336	0.297181748245938	0.0206843161346693	0	0	0.0132285183852768	0	0.106749161993643	0	0.343719478193834	0.95679206800313
TCGA-25-1312-01	0	0.0343036515261109	0	0.0774439274322088	0	0.182404121805731	0	0.0428606582873799	0.0334890222325786	0	0	0.053197267150081	0.0431056006600857	0.172100904087548	0.0843875892659906	0.061483077343715	0.00236611781013336	0.00565203112122589	0.191232946529777	0	0.0159730847474346	0	0.4	-0.00153472721817062	1.0825367770616
TCGA-23-1027-01	0	0.0177524163293497	0	0	0	0.176375166660129	0	0.0137646425429662	0.0237462599358135	0	0	0.0163859421564979	0.00729038335341513	0.370957991022866	0.00783083350509212	0.281607056002701	0	0.0386113980133472	0	0.0456779104778225	0	0	0	0.193673332748805	1.03759091355859
TCGA-24-2254-01	0	0.00805036879703368	0	0	0	0.351907451073248	0	0.032524549940162	0.000969558062114353	0	0	0.0653632471599659	0.106398148346642	0.253190853076285	0.000730264372404057	0.0339279166765965	0	0	0	0.146937642495548	0	0	0.1	0.0837896705137881	1.0714813824579
TCGA-30-1861-01	0	0.0116343139464932	0	0.0352109148451142	0	0.31864359118966	0	0	0	0	0.023758261907675	0.0140230920901227	0.0162556974331173	0.210046550166606	0.049398769343639	0.298148702066703	0	0	0.0205658467384126	0	0.00231426027245663	0	0.4	0.00750518833667555	1.09892750686464
TCGA-29-2414-02	0.132761695814579	0	0	0.180650342846034	0	0.102642959568208	0.021605607359018	0.0873127502150262	0.057194078930401	0	0.026381593225607	0	0.0100853061461874	0.0729336606993852	0.10838303106993	0.200048974125623	0	0	0	0	0	0	0	0.222606129584787	1.00054501103189
TCGA-61-2088-01	0	0.026578024112519	0	0.00480968264080838	0	0.0841126756516332	0	0.128435098931527	0	0	0	0.0735217199381051	0.0635860109998891	0.0371120647535879	0.0449267780384841	0.44739602158943	0	0	0	0.0895219233440165	0	0	0.5	-0.0182792750354531	1.10612498064686
TCGA-29-1785-01	0.00559478671400721	0.0120416618910279	0	0.0309280937535095	0	0.206202337461705	0.00495503733127451	0	0.025182766024814	0	0	0.0739054629383062	0.00786336435878173	0.0268351671571384	0.175169680073141	0.301845068531929	0	0	0.129476573764366	0	0	0	0	0.261063858548112	0.984549361831857
TCGA-09-0366-01	0	0.0158776318201059	0	0.0751697457372225	0	0.0948902940051521	0	0.00749659835457693	0	0	0	0.0281626689315132	0.208252855708619	0	0	0.467693217800235	0	0.00971696518082112	0	0.0685494661953055	0	0.0241905562664486	0	0.140489033980013	1.04410646351493
TCGA-VG-A8LO-01	0.133727939239059	0	0.0293575143624274	0	0	0.329621465784743	0	0.104043256943089	0.0130297497548551	0	0.00684001018666829	0.0387677170214101	0	0.0748076160167102	0.0394311573105659	0.0570003514937011	0	0.15248072346444	0	0.0208924984223302	0	0	0.3	0.0284462094483778	1.08806821619305
TCGA-24-1434-01	0.0219348208232179	0	0.000358592551391982	0.00501352219445152	0	0.30835536215653	0	0	0	0	0	0.0323643215520682	0.090008162216411	0.0316109634214766	0.0664007009522799	0.385480227283143	0	0	0	0.05847332684903	0	0	0	0.103540884802639	1.04897905510185
TCGA-24-1843-01	0.025831331806127	0.000706583283558149	0.0615725840947237	0.0993998831691075	0	0.10492086101443	0	0	0.0472885355869683	0	0	0.0289176423536832	0.0137746050244653	0.37647486015767	0.0447935811206184	0.196319532388649	0	0	0	0	0	0	0	0.152688793890827	1.04725476786848
TCGA-61-2102-01	0.0012046551887798	0	0.000498225376536695	0	0	0.161343223838429	0	0.00525357252184662	0.0176968188747966	0	0.0166736657579883	0.0182432092089482	0.029819028867225	0.421188612941832	0.00926129445516128	0.259797367074805	0	0	0.0590203258936521	0	0	0	0.1	0.0624881664745678	1.1087169588021
TCGA-24-1428-01	0.0357166697774645	0	0.0056108622662482	0	0	0.128512650259105	0	0.0208213619366095	0.095179235957839	0	0.0128227364006962	0.0163667323563119	0.028053462831209	0.416965543940768	0.0780520281069707	0.130781370252287	0	0.02652237934363	0	0.00459496657086094	0	0	0	0.183674820141973	1.03742776491281
TCGA-04-1357-01	0.0568962888450844	0	0.00191577389912455	0.137741767276407	0	0.222657325194394	0.00318676635869492	0.0616128693157811	0.0781151253815899	0	0.00889822990986622	0.0115914266199979	0.0119412223056395	0.0645940569371081	0.0987152108759565	0.227567816225334	0.0145661208550221	0	0	0	0	0	0	0.11035126008067	1.05301720240138
TCGA-24-1560-01	0.139671256834565	0	0	0.0371379041499057	0	0.162171016569221	0	0.114749231405792	0	0	0.0053777191900657	0.0192693689303366	0.0141009697533743	0.0980017712006026	0.0676678338747491	0.223029901825217	0	0.11882302626617	0	0	0	0	0.5	-0.0139172758196236	1.09332905373767
TCGA-59-2351-01	0.0622840669252317	0	0.0799365390156635	0	0	0.212147117044632	0	4.86899019721156e-05	0.0357002492113135	0	0.00255746404285833	0.0307831698898982	0.0396672743293846	0.176908447921306	0.0739522199208451	0.253036453162865	0	0	0.0329783086340303	0	0	0	0	0.202880412780932	1.00325595229531
TCGA-29-1693-01	0	0.000118724080196569	0	0	0	0.199533165105278	0	0	0	0	0	0.0631070641634456	0.0185783709621972	0.0569062566719599	0.041489575648816	0.312293172503264	0	0.241163470530642	0.0668102003342005	0	0	0	0.1	0.072743434623178	1.06965371890103
TCGA-04-1519-01	0.0826848135937219	0	0	0.00996916642779508	0	0.210187705680568	0	0.0422499607498962	0.0776896421986716	0	0	0.0545366471282773	0.00970490293409288	0.0864102529117731	0.0108202994169556	0.365782502007076	0	0.0499641069511726	0	0	0	0	0.3	0.0312494513182903	1.0788840463552
TCGA-59-2354-01	0.142787872134438	0	0.0172139704104008	0.0680874686874462	0	0.193142148847515	0	0.016952995600798	0.062479841936066	0	0.042109400476295	0	0.0126735292835364	0.130334990722195	0.0868785816376103	0.227339200263698	0	0	0	0	0	0	0	0.234829741276019	0.991246385635826
TCGA-29-1763-01	0.0704796787869333	0	0.00237998215298736	0.0279402872037598	0	0.279632250073524	0	0.0216740746757665	0	0	0	0.0384960764202015	0.0664894281318977	0	0.0737111186227713	0.358299249188678	0	0.026051087406897	0.0177141954283702	0	0	0.0171325719082136	0.2	0.0420003008931049	1.06872440242057
TCGA-24-1924-01	0.0889689804345227	0	0.0416753312578421	0.0835608942083215	0	0.215284109415881	0.0281450729612632	0.0579004480264421	0	0	0.0238315879254403	0.00682608752912591	0.0322984932458493	0	0.16507423359166	0.235619853495553	0	0.00902611216344123	0	0	0	0.0117887957446572	0	0.210671606852238	1.00670175542172
TCGA-25-1319-01	0	0.00936498200402949	0	0	0	0.237471038970531	0	0.0272375152588261	0	0	0.0114322391949652	0.0106423858506059	0.0250737010822479	0.023089372411451	0.0983695817923318	0.407308484194403	0	0.059538152791037	0.0904725464495707	0	0	0	0.1	0.0838457714266881	1.05680209433955
TCGA-13-1410-01	0.0746006744226987	0	0.00119412442316719	0.0048155547946399	0	0.266568276850608	0	0.0478223875486647	0.0140278452556767	0	0.0263742185149245	0.0069658681405504	0.0127920363642873	0.0808605322388015	0.139328265888729	0.247062075454462	0	0.0763949483554736	0.00119319174731687	0	0	0	0	0.143745062594433	1.03710212634818
TCGA-09-2044-01	0.112848934444365	0	0.00796030049314498	0.0681329147330161	0	0.199165583199012	0	0.026886823750639	0.0339984632515293	0	0	0.0457205047410128	0.0984644239801174	0.0316609953874276	0.0501439529741123	0.313316625484473	0	0	0.0070254687747993	0	0	0.00467500878635075	0	0.124442217958592	1.0341995805739
TCGA-24-1842-01	0.0223003304463452	0	0	0.0883933175866848	0	0.205219238160058	0.0150994942621755	0.0230238284798369	0.0387077312521321	0	0.0285954069048244	0.0226586726224712	0.0241843317271325	0.281170965209813	0.0811125637992705	0.150919581510747	0	0	0.0186145380385094	0	0	0	0	0.20052696804597	1.01400896844496
TCGA-25-1628-01	0.0919532193894489	0	0.0105702978089536	0.193290806106738	0	0.19851990345836	0.011544544774949	0.0314582037430743	0.0418098245809339	0	0.0432516089820475	0	0.0381625352121907	0.021539045324749	0.146491130392076	0.129140056996693	0.00853262574563145	0.0207961856507245	0.0129400118334305	0	0	0	0	0.172109318384232	1.02986094579935
TCGA-09-1666-01	0.0383056446524889	0	0	0.0682565365171548	0	0.206457161473796	0	0.0482913854377785	0.0330456900543119	0	0.0417446975697665	0	0.00320804423487386	0.098000311001301	0.163502189818767	0.26469177656172	0	0.0119628884032147	0.0225336742748275	0	0	0	0	0.166132999637425	1.02947931436738
TCGA-24-1435-01	0	0.00544460880730364	0	0.0525857011382622	0	0.171113395658188	0	0	0.0167919442956008	0	0	0.0327400856215673	0.0125516834326673	0.066632345131113	0.158138588425205	0.317161553559719	0.0011267198985023	0.117996387838186	0.0477169861936853	0	0	0	0	0.190345088873766	1.0248968700398
TCGA-25-1315-01	0.118477026261439	0	0	0	0	0.185007719506182	0	0.0401454534928391	0.0206254972112273	0	0	0.109380781667432	0.0382841655121025	0.0880338879070685	0	0.132674755136414	0	0.0999119909528597	0.167458722352436	0	0	0	0.7	-0.0344447145636717	1.08746798246771
TCGA-36-1581-01	0.0865699070681294	0	0.0679051043590028	0.0958148540790836	0	0.200558134438451	0.033651390563636	0.0577213047405944	0.0477293908358929	0	0.0483906560704472	0	0.0256635842794741	0.134259293084915	0.0957647667018374	0.105971613778536	0	0	0	0	0	0	0	0.255543487988898	0.983134591818119
TCGA-29-1711-01	0.0484807913015834	0	0	0.0813551449950578	0	0.234878023352045	0.00517886417332625	0.0440407016945811	0.046352402897661	0	0.0532922682855613	0	0.0147588913168851	0.0663259711580328	0.18902903241151	0.18681080872803	0.00611651891370056	0.0165409298429556	0.00683965092906929	0	0	0	0	0.1453459413469	1.04550837912885
TCGA-29-1770-01	0	0	0.00336201420117092	0	0	0.453850084059905	0	0.0272095423962367	0	0	0.0325364638493631	0.0481408625515414	0.0704253717364935	0.292380274517047	0.00306374142285426	0	0	0.0217374598629706	0	0.0352809285933436	0.00562456613281798	0.00638869067625495	0.2	0.0505807621030651	1.09264599379249
TCGA-13-A5FT-01	0.161759401926787	0	0.026048743430966	0	0	0.0980155095147772	0	0.0903214927681485	0.0317018828500741	0	0	0.0528715942443906	0.0311535752828002	0.0919220358475468	0.0447558032822316	0.0800394318815056	0	0.278857699071741	0.0125528298990308	0	0	0	0	0.195888410678903	1.01611431863577
TCGA-61-2008-02	0.0161822425831465	0	0.00214108933982032	0.0331421706006061	0	0.233268093426221	0	0.0770732445420873	0.00150613938067584	0	0	0.128265844278625	0.0230283443763836	0.113513852850177	0.106396870501274	0.181133900170587	0.00509977812320764	0	0.0792484298271884	0	0	0	0	0.176993281991767	1.01980301704658
TCGA-23-1122-01	0.00273897547194735	0.0184543722675335	0.0125567726792444	0.0200429156302619	0	0.172886203923229	0	0.0562499634834195	0.019435422813681	0	0	0.0585345593446614	0.0831719740160053	0.234628331078343	0.0352619699245342	0.0739158528828884	0	0.0340426665050401	0.151077985520715	0	0.0270020344584955	0	0.2	0.0422002571643745	1.06236114009195
TCGA-09-2045-01	0.0708694552322388	0	0.00736693808595069	0.0429768912877489	0	0.14817880489643	0	0.0356594583312294	0.045297957437862	0	0	0.047996824932746	0.0622907209074123	0.0405072254211574	0.0352560716432127	0.313250922638806	0	0.120052782463529	0.0243137030938449	0	0	0.00598224362783283	0.2	0.0450508950256476	1.06274207228737
TCGA-24-2289-01	0.0427056960524909	0	0.00385727128301756	0	0	0.247483394399081	0	0.00750845887151137	0.00239355401332606	0	0	0.0121207144897887	0.19241405168743	0.000468538858503323	0.0290821979651842	0.385227256773116	0	0.0319190406451138	0	0.0448198249614379	0	0	0.1	0.064694577018408	1.06261027945106
TCGA-24-1557-01	0.0107710153907389	0	0.00689884315104392	0	0	0.173030647807228	0	0.0756692596780345	0	0	0	0.0766414914185915	0.100306020940497	0.121950290117565	0.142710272612709	0.208169040063795	0	0	0.0838531188197971	0	0	0	0.1	0.0526973012059206	1.0677091985072
TCGA-23-1026-01	0.0772388703993788	0	0.0025165937407101	0.0794205429117383	0	0.19484524347438	0.0313494384525421	0.0204109462778647	0.0169653974839047	0	0.0212011471105568	0.0393394740896375	0.0552764903594904	0.0520386099181808	0.12568958386402	0.240961577347186	0.00567833374126048	0.019904944931366	0.0171628058977837	0	0	0	0	0.132505648088798	1.03373591572955
TCGA-29-1701-01	0.0654662728636506	0	0	0.095995674404734	0	0.207279237911544	0.0256030752594054	0.0144302003921688	0.00607042768176441	0	0.00671593805751112	0	0.0150383198423347	0.036836047491248	0.0653801705167354	0.443349766433981	0	0	0	0.0141729632627985	0	0.00366190588212475	0	0.122686230209491	1.04271929382257
TCGA-61-2101-01	0.0602569952639849	0	0.00343168000920158	0.00921666758351787	0	0.264482873459346	0	0	0.0146960783555783	0	0.0333559167621732	0	0	0.13702399629283	0.0686957001810441	0.293388974274033	0.0429354155844386	0.0419067965790157	0.0306089056548364	0	0	0	0.1	0.0561768523920432	1.06419827685469
TCGA-29-1695-01	0.0102817270194141	0	0	0.0101194059432862	0	0.119698877732232	0	0	0.0027345537095732	0	0.0127077608541976	0	0	0.558931060697043	0.0619084085046976	0.216989693599566	0	0	0	0.00662851193999049	0	0	0	0.606175119352106	0.796162986253323
TCGA-29-1761-01	0.0565717701625059	0	0	0.0981544325402849	0	0.118424410927766	0	0.0145436052743527	0.0289337689913841	0	0.00636404398275683	0.00602685204370721	0	0.232614235068385	0.0828357335639764	0.329855381884621	0	0	0.0256757655602609	0	0	0	0	0.1652915381429	1.03185241954429
TCGA-29-1691-01	0.0912897063970856	0	0.010277042091819	0.0710977493350528	0	0.18515290467071	0	0.0086603452651999	0.0447411350030151	0	0.00343764972949205	0.00830917083977247	0.0810110233968556	0	0.0960612415874543	0.389992755578317	0	0	0.00996927610522619	0	0	0	0	0.0957721548496881	1.04999001755595
TCGA-24-2038-01	0	0.00275241752171765	0	0	0	0.32383827490755	0	0	0.0215846158846621	0	0	0.120669692904607	0.097824950187733	0	0	0.325791952477669	0	0.0147697442179894	0.0927683518980716	0	0	0	0.4	-0.00251872691395529	1.09146207946252
TCGA-23-1809-01	0.0114835807821353	0	0.0150298852283651	0	0	0.207678324978864	0	0.0594236848323175	0.0193816606228336	0	0	0.114327535665232	0	0.460290057206875	0.0002613640068479	0	0	0	0.109449908103213	0	0	0.00267399857331642	0.2	0.0397606228838495	1.10793928931329
TCGA-61-1919-01	0.0204454487466832	0.0168055663975752	0	0.0281311328605941	0	0.146237526965477	0.00761000384939341	0.0104100583784199	0.0114240279575717	0	0	0.013564635181235	0.0125913005949576	0.324283990552126	0.068048439589558	0.3314923219908	0	0	0.00603786112576387	0	0	0.00291768580984521	0	0.158076637561605	1.05084880719103
TCGA-13-1498-01	0.0154399551891091	0.0251443510338347	0	0.0525320659855312	0	0.139638233523182	0	0.0805335417788164	0.0195558581788975	0	0	0.103602451981757	0.0527900746358442	0.262317272592917	0.15127327401506	0.0931582437982135	0	0	0.00401467728683771	0	0	0	0	0.203015797129785	1.01837157169131
TCGA-31-1953-01	0.00381919116517869	0	0	0.0340106003928904	0	0.176337594779761	0.0138688163198135	0.0186305000325326	0.0154075929007843	0	0.0238303805267044	0.030129191880007	0.0531158645789227	0.237851747199933	0.0814203967463106	0.277872524568647	0.0122511503383351	0	0.0214544485701797	0	0	0	0	0.329733415565	0.953020423340485
TCGA-25-1328-01	0.0740352331988905	0	0.00338861700531294	0	0	0.298363223116394	0	0.00149010945406761	0	0	0.069590624103984	0.0442099687067543	0.0775967285885417	0.20245063171638	0.016349134747002	0.1839537348961	0.000392422347230516	0	0.0281795721193425	0	0	0	0.1	0.084204188483247	1.05433532368896
TCGA-24-2293-01	0.0367021805992173	0	0.000700472864225453	0.0422795677399799	0	0.282541490429041	0	0	0	0	0.00500247220713844	0.0208371733442776	0.0870808263625647	0.160706182036046	0.0378765286874587	0.249319713884708	0	0.044286765857196	0.0310116924308583	0	0	0.00165493355728811	0	0.171150906581454	1.01711820661989
TCGA-13-2060-01	0.0949480195297227	0	0.0177488375143597	0.0621280711244502	0	0.218032997168785	0.0408824958985789	0.0305124707268507	0.024199586954698	0	0.0345637011406125	0	0.0306085675500904	0	0.156567108504917	0.236057410870061	0	0.0207239576783418	0.033026775338533	0	0	0	0	0.179400788919123	1.01670290993772
TCGA-61-2000-01	0.041120822177849	0	0	0.0541513139187676	0	0.258234506209775	0.0627231080041052	0	0	0	0	0.121980351444212	0.0361216026710088	0.0902623475922002	0.0357589764637656	0.246369102779323	0.000809356795718004	0.0343003569692831	0.00551274754937459	0	0	0.0126554074246176	0	0.157444769981524	1.02672318042404
TCGA-61-2092-01	0.23877231301458	0	0.0734343840822816	0	0	0.173856829673764	0	0	0.00580337132338745	0	0.0500500788591837	0	0	0.250124718854346	0.00354928764838777	0.171616175581695	0	0.0327928409623739	0	0	0	0	0	0.228182804822352	1.00475924728467
TCGA-61-1907-01	0.0959759309034843	0	0.0084237766500883	0.0881631093083987	0	0.278261041632397	0	0.0238616847475591	0.0588929730805897	0	0.0124686829910204	0.00914544286803668	0.019135008908525	0.0902836321798221	0.0769872391587755	0.233299538956187	0	0	0	0.00510193861511608	0	0	0	0.204671052407585	1.0066820010087
TCGA-25-1316-01	0.000453207012545248	0	0.00145006203444163	0.202023988393403	0	0.0943887746399378	0	0.0136844329119138	0.0339027538502876	0.00107196910932967	0	0.131070586516774	0.0368848412933267	0.133796433116415	0.0485438441077431	0.120749691606712	0	0.00367023470569258	0.178309180701478	0	0	0	0.3	0.022967432833084	1.08792637317927
TCGA-23-1120-01	0.0339065224060845	0	0.00457909779380269	0.0661836407502794	0	0.121939850350404	0.0136111111975763	0.0226745873201097	0.0530858373986981	0	0	0.0480343117742321	0.0379792227539343	0.0937571869417133	0.161949904858023	0.228024945969777	0	0.0672725608439042	0.0470012196414617	0	0	0	0	0.210355192409795	1.00766694738525
TCGA-24-1474-01	0	0.0137412163460184	0	0.0178457739474309	0	0.240504910753325	0	0.00738092270453654	0.000406361349379746	0	0	0.0437867984077474	0.0436863738330791	0.112366011568533	0.0420450101286068	0.168075970722284	0	0	0.30001998495473	0	0.000837881317485417	0.00930278396684509	0.2	0.0355663412200981	1.07279024344125
TCGA-24-2261-01	0.0784262608856337	0	0.00868636975973008	0.187773827306084	0	0.140418383757291	0.00522902851996548	0.0510283513072495	0.0584414020917457	0	0.0276055158978699	0	0.091577521969513	0	0.113742206692359	0.237071131812559	0	0	0	0	0	0	0	0.157718321099386	1.02796666035877
TCGA-61-1736-01	0.0312847101153494	0	0	0.0156396796694842	0	0.270133368030418	0	0.0130575099806049	0.0285565894137103	0	0	0.0770184763149174	0.0972680866248894	0	0.0119313260629785	0.368755135904783	0	0.0863551178828651	0	0	0	0	0.3	0.032811300966682	1.07599545714107
TCGA-13-1489-02	0.00941721623503895	0.0266633594696748	0	0.164785375027841	0	0.0338656955219683	0.00867927499817137	0.0471526798714404	0	0	0	0.0956730626712211	0.0445692002386193	0.037531342522755	0.11986452597335	0.0512454856185524	0	0.2223477037142	0	0.135887203504347	0	0.0023178746328201	0.1	0.0835415141041062	1.0897083872522
TCGA-09-0369-01	0.0216800976455675	0	0	0	0	0.204766773487389	0	0	0	0	0.0436567762429819	0	0	0.370433910478045	0.0103608769498051	0.348448662831568	0	0	0.000652902364643199	0	0	0	0	0.115263996506073	1.08366399264606
TCGA-25-1318-01	0	0.0146228303935079	0.00245675844372446	0	0	0.228525951224078	0	0.031449567734847	0	0	0	0.0485092184493166	0.00900159564814114	0.230875333428976	0.0317068336023872	0.386754201285694	0	0.00789588808714449	0	0.00643734641472512	0.00176447528745693	0	0	0.114934813457746	1.06204592937663
TCGA-36-1577-01	0.0237916831086726	0	0.00161425464040983	0.175560849778644	0	0.195218179835191	0	0.00226393970822781	0	0	0	0.0886030715522663	0.173514686697552	0.312189103590829	0	0	0.00215165643111442	0	0.0172040369971121	0	0.00788853765997971	0	0.3	0.0162192573778166	1.10243515920413
TCGA-31-1944-01	0.078498992399629	0	0.0101458092944253	0.0172833879846398	0	0.276337130852699	0	0.0653418477618728	0.000128526237800197	0	0.00104906842139123	0.0292255316122264	0.0428364578709256	0.122956051428219	0.0912664293562861	0.195375485793955	0.00276481742523424	0	0.0605411545694329	0	0.00425192670256725	0.00199738228869601	0	0.112234535320257	1.03732431924044
TCGA-25-1634-01	0.175601984097676	0	0.0343584313059918	0.00461666052671303	0	0.160884449615216	0	0.00960821882163126	0	0	0	0.0838948009738784	0.0534805149968089	0.245433210941526	0.00851908614564709	0.210822961111034	0	0.00946677731822736	0.00331290414565049	0	0	0	0.5	-0.0134335625142032	1.10389251893026
TCGA-13-1405-01	0.283790870324629	0	0.0361671739710523	0.0421761574037705	0	0.22287978776173	0	0.0222690614046768	0.00110786947405525	0	0	0.0719904512708725	0.0224968513924176	0.10611662994775	0.0631974350359809	0.0218301332186723	0	0.000536773989843017	0.10544080480455	0	0	0	0	0.209731968129092	1.01014155143632
TCGA-36-1571-01	0.0278846265398518	0.0161249873086446	0	0	0	0.282395178890236	0	0.0851311165667012	0	0	0.0319498240463549	0.0446108295965863	0.038965232678179	0.0214593466841852	0.0529221257833632	0.291490203365628	0	0.0985899776736103	0.00847655086665948	0	0	0	0.4	0.0103241598400795	1.08320970718844
TCGA-36-1580-01	0.0106245511163707	0	0	0.10225168795645	0	0.222160958675534	0	0	0.0529538758097267	0	0	0.0242210442955	0.0382084784011856	0.250232179999549	0.0793573537619833	0.210330300143257	0	0	0.00965956984044421	0	0	0	0	0.150791629790721	1.03791015788321
TCGA-31-1950-01	0.144988266432185	0	0.0746588988894964	0.0478044988454546	0	0.0540796813019496	0.00283005007946135	0.0652522757057542	0.061091487247615	0	0	0.023912585726977	0.0299677915186225	0	0.156588698220209	0.177584114237954	0	0.112774906896362	0.0484667448979587	0	0	0	0	0.216586467979216	1.00719751727412
TCGA-09-1670-01	0	0.00378797102453853	0	0.0432365796162806	0	0.270416058390813	0	0.0178586174388892	0	0	0	0.0443461459911305	0.053277988972282	0.0489629924960811	0.0732477868506513	0.27437699263152	0.000749140740215948	0	0.164717369631859	0	0	0.00502235621573897	0.2	0.0487330742590527	1.06188635531699
TCGA-29-1776-01	0.143323090508047	0	0.0117583004735698	0.0931891070509011	0	0.216165203986031	0	0.0768711261859502	0	0	0.0205992844582714	0	0.0870126381195868	0.00602434537570003	0.0178840954325591	0.190888313027707	0	0.132277259693467	0	0.00400723568820903	0	0	0	0.149899099679024	1.02420473584567
TCGA-25-1329-01	0.000555722519704969	0.0314291508886677	0.0128819594171554	0.128070857687601	0	0.107039385680502	0	0.0360707575644151	0.0381954971268639	0	0	0.00274729222101917	0.0405925514122684	0.361236201336788	0.0168062868448964	0.0630254735056853	0	0	0.145736159352001	0	0	0.0156127044424318	0.1	0.0562556164607739	1.07659526131414
TCGA-29-1781-01	0.0445341901466997	0	0.0791456932393456	0.129224191076003	0	0.14323871606413	0.0185613239616007	0.0168884162467668	0.0447249765769903	0	0.0376887566669003	0	0.0150409105069593	0.138745283554041	0.112938431875948	0.219269110084615	0	0	0	0	0	0	0	0.195859612545326	1.00898315514157
TCGA-57-1994-01	0.17352907165281	0	0.0375572901778632	0.103839684569439	0	0.157058771646381	0	0.053747457934682	0.0535317303717581	0	0.0103798961314243	0	0.00126830327790881	0.143075045583124	0.0665852040747354	0.199427544579874	0	0	0	0	0	0	0	0.281889081804901	0.972187936511358
TCGA-09-1667-01	0.0566129913395667	0	0.0114451817684563	0	0	0.137127085383228	0	0.0568992539904443	0.0193034123371053	0.0226376758608645	0.0532277804470689	0.0427479739010101	0.0229193589221504	0.325953891036095	0.149422076977598	0.0592436176722627	0.0119070779894309	0	0.0305526223747182	0	0	0	0	0.241194926768445	0.99898141263632
TCGA-20-1683-01	0.149961955611722	0	0.203421622417624	0.0405942439552132	0	0.185669706562843	0	0.0465892947866508	0	0	0.00967717042403065	0	0	0.100377618669702	0.0164196437097146	0.179803864380103	0	0.048324473522792	0.0191604059596032	0	0	0	0	0.407352563740545	0.916835587950916
TCGA-13-1507-01	0.03919946451088	0	0.0248164609440234	0.0756876967021297	0	0.148369605838971	0.119841236121378	0.0140218779479957	0	0	0.0327006226473004	0.0116485895672151	0.0358102645864587	0.0515921289360297	0.125252965598517	0.284255694283102	0	0.0224897057299014	0.00658086146745104	0	0	0.00773282511864685	0	0.100805959668384	1.04408965942682
TCGA-24-2033-01	0.112180206819913	0	0	0.136740830286977	0	0.0514603473490119	0	0.0379743847351304	0	0	0	0	0.0209872631763717	0	0.0538619659785537	0.446869415819583	0	0	0	0.131136507591925	0	0.00878907824253515	0.4	3.71435464625526e-05	1.09420248273251
TCGA-24-1553-01	0.0375987537447051	0	0.00152337618871168	0.218980439186775	0	0.199333237936014	0	0.0284804467813083	0.0846707653222733	0	0	0.0121276939945342	0.0591771786461008	0.0418018711610391	0.0989362837457966	0.217369953292741	0	0	0	0	0	0	0	0.103725515434752	1.05937585796886
TCGA-24-2271-01	0.117594062849801	0	0.00290371384344181	0.0193144479175418	0	0.376138227533404	0	0.0634791440331152	0.0480141218546954	0	0.0729384831626374	0.00348551416697096	0.0708001702611447	0.0555151966901149	0.0838868600590426	0.0553709314454566	0	0.00892059831863296	0	0.0216385278640007	0	0	0	0.133076085487789	1.04517858813039
TCGA-36-1568-01	0.0480170952053622	0	0	0.0640486216333598	0	0.241905310125323	0	0.0064418774913253	0.0800814583280792	0	0.00319811968582873	0.031892381411952	0.0207416934808529	0.176102771836788	0.0541844935323946	0.244906742030641	0.00723040034776454	0	0.0204154201243463	0	0	0.000833614765981826	0	0.103203458326044	1.05036336498141
TCGA-61-1737-01	0.0153861314705064	0	0.0040021563297718	0	0	0.289395832513932	0	0.00928941906928995	0.00818418016128179	0	0	0.0484724337734351	0.0113414100015917	0.225467697119326	0.0406637588234354	0.301567105944974	0	0.0396920708252431	0.00653780396721249	0	0	0	0	0.183677456141771	1.02289238521366
TCGA-24-2262-01	0.0701089660154891	0	0	0.0588036013118622	0	0.179763782415537	0	0.0382431981891167	0.0524223696114813	0	0.0648287741710835	0	0.00466250387953745	0.192481464396745	0.0819006596969621	0.174165834507084	0	0.0289936147571546	0	0.0536252310479471	0	0	0	0.119556082800717	1.04125511228722
TCGA-09-1669-01	0.131012073080261	0	0.026802276847278	0.131553760895381	0	0.198894513314372	0.00903542709202009	0.0527064312257962	0.0757652246144245	0	0.0293450969776028	0	0.0278188066056967	0.084695948291821	0.0653709104419739	0.166262553053919	0	0	0	0.000736977559453838	0	0	0	0.193014270739639	1.01233062944926
TCGA-24-2020-01	0.0386978132397534	0	0	0.0292892471709565	0	0.104385383103668	0	0.00883505861664748	0.00392973242100455	0	0.019401444748223	0	0.0720193550655269	0.39246596824826	0.0574472100923982	0.273528787293563	0	0	0	0	0	0	0.1	0.0517145526357482	1.1122781760379
TCGA-25-1870-01	0.0817788145674531	0	0	0	0	0.0678521016553883	0	0.0135777059308917	0.00862044439452608	0	0	0.0664078868006837	0.0462112143467853	0	0.00862977485817892	0.512038276721282	0	0.0103261987577296	0	0.183718999943638	0	0.000838582023443468	0.3	0.0342122848200462	1.10198583241251
TCGA-61-1741-01	0.112564217418041	0	0.0526817665242158	0.0188006524735807	0	0.150137946523757	0	0.0453173387468824	0.04688444231293	0	0.0367718869414817	0	0.00736202027681089	0.206397831646735	0.165789897888474	0.14819752056957	0	0	0.00909447867752156	0	0	0	0	0.192092168963553	1.01751153991843
TCGA-13-0730-01	0.0281681178110789	0	0	0.190348688842557	0	0.0566232537929102	0	0.0727966396056289	0.0328476751343354	0	0	0.0576489719158442	0.00711965088302334	0.193911907567776	0.0108724857633772	0.221210529768059	0	0.0864123388378871	0.0420397400775236	0	0	0	0.1	0.0552066166699239	1.07031871354401
TCGA-WR-A838-01	0.00143127708686044	0	0	0	0	0.262952513234913	0	0.100800156257884	0.00807354491792072	0	0	0.111230038508483	0.0233266459756186	0.0872870541463012	0	0.0321006994898667	0	0.188558702560241	0.184239367821912	0	0	0	0.5	-0.0179509705025357	1.10190966506724
TCGA-23-1109-01	0.169255976332012	0	0.00392556822078141	0.0410107362751403	0	0.0859672018253957	0	0.0343350833231653	0.0441105594844294	0	0	0.0192760231139334	0.0178068601294709	0.258054667629539	0.0272679751447064	0.294724846309276	0.000832056211098187	0	0.00343244600105316	0	0	0	0	0.20134621257123	1.01557350942884
TCGA-09-1673-01	0	0.00328555453829866	0	0.138754222539188	0	0.101450562671055	0	0.0417359933277441	0.00665524187214305	0	0	0.0203827545291392	0.0552200043965855	0.225111575061221	0.0541783456827822	0.0802835095181268	0.00196089503181625	0	0.251094241375385	0	0.0106615153628597	0.0092255840936563	0.2	0.0424862131113936	1.07137688530175
TCGA-24-1418-01	0.0779752795879187	0	0	0.0119979699032217	0	0.42032569547467	0	0.0295573909289997	0	0	0	0.0082598131874443	0.0635580933965604	0	0.0299904547358914	0.184375644490409	0	0.133912144808447	0.0390488659755763	0	0.000998647510861864	0	0.1	0.0659415204293238	1.06297385391426
TCGA-09-2048-01	0	0.00144405537505002	0	0.0961652740543446	0	0.2155082685908	0	0.111634661153116	0	0	0	0	0.101162796211681	0.167627327212999	0.0174180404775917	0.0696225034336234	0.000896070566798249	0	0.205784344382897	0	0.0127366585410986	0	0.5	-0.0129130575089271	1.0919094260393
TCGA-24-1550-01	0.150054277559779	0	0.0198387000346447	0	0	0.14749567620161	0	0.0173597846094998	0.0052770826881726	0.00957309497019514	0.00635988308059638	0	0	0.271573461284157	0.048308146250199	0.319162613712989	0	0	0	0	0	0.00499727960815761	0	0.293581055283092	0.974676539365928
TCGA-23-1023-01	0.0659459753507337	0	0.00693665841433558	0.0689004144538461	0	0.173166873899027	0	0.000782568786815974	0.0391639958776281	0	0.0608429756789691	0.00620902357301129	0.0949104571895679	0	0.117610807582648	0.258822395389066	0	0.0595383047669077	0.0251642618986698	0	0	0.0220052871387742	0	0.170832758909124	1.01612819397936
TCGA-25-1632-01	0	0.00150661904528974	0	0.00641578226981793	0	0.269622001153472	0	0.05467818425426	0	0	0	0.104108551428023	0.0933974504245068	0.252601462670938	0	0.0317512727132515	0	0	0.164972442199923	0	0.0209462338405186	0	0.4	0.00213935042560913	1.09194831611491
TCGA-59-2355-01	0.0632427643310577	0	0.00995196332488651	0	0	0.325862730681241	0	0	0.0169003990492703	0	0	0.129515323221205	0.0556119972911318	0.129227634458627	0.0813863061597409	0.0806015437943279	0	0	0.10377501323665	0	0.00392432445186183	0	0.1	0.0743907690343877	1.05857285344946
TCGA-29-1696-01	0.0399448361029639	0	0	0.0439458849247251	0	0.201318056712318	0	0.0714431974649817	0	0	0	0.0381383369192366	0.0214514072229999	0.00752279539500991	0.112241651866532	0.374114873665801	0	0.0732757046001657	0.0166032551252664	0	0	0	0.2	0.0491742062611858	1.07500113324695
TCGA-61-2003-01	0.00269858234818745	0.00644335833489207	0	0.0495056453090133	0	0.2355263372613	0	0	0	0	0	0.0293127897397061	0.0618288649754406	0.341196215830465	0.0470997344800851	0.191632036852769	0.0123316173173622	0	0.0224248175507789	0	0	0	0	0.305637334586835	0.969488534756796
TCGA-20-1682-01	0.0979614536791596	0	0.00523198026706767	0.0911435312110666	0	0.276385437348595	0.0423039249742446	0.028542457357489	0.00917230519049523	0	0.0309174040215383	0	0.0240544503410327	0.0527234096432237	0.0875748581823749	0.253988787783713	0	0	0	0	0	0	0	0.139476636305269	1.03219638182275
TCGA-13-1511-01	0.004154777658057	0.0199776527360017	0	0.0291323608889927	0	0.182461756533149	0	0	0.00738466925188535	0	0	0.105643805756479	0.0152131559369596	0.128005286706044	0	0.18781984880121	0	0.274537941736388	0.0199487684153139	0	0	0.0257199755795205	0.1	0.0844719719358094	1.06718464061333
TCGA-61-2111-01	0.196602862633652	0	0.0251188597126392	0.0502871181632317	0	0.180594808177754	0	0.00998302710661104	0.0632144633860961	0	0	0.0744191627490875	0.0197583400864531	0.0682566849524712	0.0174526994990095	0.239187928072284	0	0	0.0478337355935558	0	0	0.00729030986715572	0	0.11427409896633	1.0408963336588
TCGA-09-2056-01	0	0.0270367617977206	0	0.00656030474447019	0	0.40136915809542	0	0	0.00696611494352331	0	0	0.0401742220707723	0.0448849534478586	0.100280179473068	0.0942839478044266	0.186939493847033	0	0.0103936684466962	0	0.0781988139838862	0	0.00291238134512574	0.1	0.0677286857358286	1.06621654341872
TCGA-24-1546-01	0.0198020317525059	0.0306457384939973	0.0145453459214024	0	0	0.170817274590362	0	0	0	0	0.0197866482953748	0	0.0156446603539877	0.190684523817187	0.0554604774632311	0.354746313836958	0.110215565929023	0	0	0.00819191463242946	0	0.00945950491354153	0	0.137385760461641	1.04416587896814
TCGA-30-1891-01	0.0703018354568791	0	0.00209219258669333	0.130832377966511	0	0.144191335194385	0	0.0124785591108912	0.0337427254745226	0	0	0.00972096523085149	0.0124530914507063	0.169933980088465	0.0522847400614085	0.324624017348016	0	0	0.0178436931564954	0	0	0.0195004868741756	0	0.111084133257026	1.04782044667
TCGA-09-1662-01	0.00626543273275411	0.00113090220399681	0	0.021898679532415	0	0.209376100930643	0	0.0055396929529258	0.000611484500617054	0	0.0108600151444361	0.0579605418852162	0.144122079625484	0.335161382909042	0.0257125703466285	0.161741568325722	0	0.00613799431170322	0.0134815545984163	0	0	0	0	0.127951053694782	1.05338072719076
TCGA-31-1951-01	0.0359349127717791	0	0.00639770331255348	0	0	0.279169213969466	0	0.0555724709260367	0	0	0.0987292117381355	0	0.0389447275662867	0.19131484935018	0.180742943967351	0.113193966398212	0	0	0	0	0	0	0	0.133493045731454	1.04929004034581
TCGA-24-1427-01	0.147265686078226	0	0.0224526473139597	0.194023895675155	0	0.328051680328881	0	0	0	0	0	0	0.053499557822524	0.063566573546737	0.0188920647733167	0.103300577904648	0	0.0110954388037284	0.0478456708257395	0	0.00646381384347498	0.00354239308360977	0	0.20063613095235	1.01302521569276
TCGA-61-2008-01	0.0635655487396523	0	0.0115582466790128	0.0782198710497477	0	0.154982353060756	0	0.0341279990339599	0.0274409631290816	0	0	0.0226607513182132	0.039332582529616	0.0143972597632564	0.112338904974186	0.427558123557905	0	0	0	0.013817396164612	0	0	0.1	0.0909213302468885	1.05722102783095
TCGA-36-1570-01	0.0117197428769149	0	0	0.000428988331923713	0	0.18559180175843	0	0.00406819930149929	0.0158709983474448	0	0	0.0581016369590954	0.0710677493211475	0.0252909751360556	0.0884061883743165	0.430671389235973	0	0.108782330357199	0	0	0	0	0	0.0920024948108217	1.06355705924707
TCGA-61-1733-01	0.00255587630695913	0.00373417894186428	0.000100597865278275	0.0256285086253157	0	0.245870144798743	0	0.0438505225473068	0.0152721645344708	0	0	0.0624951010895111	0.0329599693491723	0.129066587210839	0.088223169843117	0.103663080799729	0	0	0.227507810165127	0	0.0150648330810385	0.00400745484152789	0.3	0.0196567856779826	1.07711118104183
TCGA-24-1562-01	0.0416275081997349	0	0	0.0440959597070938	0	0.197108749065469	0	0	0.0980326114089322	0	0.00105484628388414	0.0383829976796084	0.00442306153409798	0.316233558232621	0.0397644563607114	0.183883798720833	0.0094742313685337	0.0175505644718177	0.00836765696666346	0	0	0	0	0.130721253515918	1.0500873494623
TCGA-09-2051-01	0.11402156326647	0	0.00159257638040456	0.00714301333372912	0	0.153573458863411	0	0.0616276672391139	0.013994866164001	0	0.0413300989890848	0.0198191411879645	0.0358244496156385	0	0.0476410992196444	0.28600336941497	0	0.174547131162056	0.0364353874455993	0	0	0.00644617771791453	0	0.112453404099951	1.0372576437539
TCGA-59-2352-01	0.0744979552971467	0	0.163193687184253	0.0418787287190758	0	0.102144874127801	0	0.0586684511070216	0.0308290279200227	0	0	0.0473267094188063	0.00822584277318408	0.182199006757333	0.161987172726766	0.0951964713104469	0	0	0.0338520726581441	0	0	0	0	0.303741032751869	0.968596156810021
TCGA-29-1694-01	0.132756539661167	0	0.0136274196044799	0.00907327847252449	0	0.277807807709269	0	0	0	0	0.0233406611172958	0.0376913609140651	0.0161822873298071	0.107260748570418	0.041191698851104	0.160544770067546	0.00369257459629399	0.134643065004325	0.0421877881017056	0	0	0	0.1	0.0664784635816661	1.05520303775958
TCGA-24-1846-01	0.038184126590174	0	0	0.0111148852478423	0	0.117560585489426	0	0.0186486240157929	0.0565592363623123	0	0	0.0524119520418995	0	0.365713687099914	0.086697220489709	0.240683507391585	0	0	0.0124261752713453	0	0	0	0	0.237450321261212	1.00998554890221
TCGA-24-1419-01	0.0050556352755122	0	0	0	0	0.152786381675074	0	0.0940399033195464	0	0	0	0.0669777139026874	0.050459045795752	0.267751548173717	0.014528853185956	0.238378956444787	0	0.00391539925014516	0.100828803897336	0	0	0.00527775907948718	0.4	-0.00392043421488839	1.09925653465548
TCGA-24-2036-01	0.00786546021423632	0	0	0	0	0.309089876244739	0	0.0646928839965585	0	0	0	0.071586078188289	0.0523738621428691	0.166982938070545	0	0.208057722291914	0	0	0.119351178850849	0	0	0	0.3	0.0236316303360808	1.07945658203361
TCGA-23-2077-01	0	0.0205849714315939	0	0.0638780278501769	0	0.1589034522645	0	0	0.00429257948931139	0	0	0.0435663009324535	0.0521141343522199	0.113711446435158	0.0741275004365174	0.304882197957327	0	0	0.163939388850743	0	0	0	0	0.0984331359270261	1.04446734623443
TCGA-13-1497-01	0.0606877009836123	0	0.0755399779653041	0.0234547833317847	0	0.34233623221082	0	0.0403145108461257	0	0	0.000733179402763885	0.00733887354397296	0.0297631953601783	0.167959574421609	0.111063919373532	0.10450043618122	0	0.0270496920007092	0.00925792437836783	0	0	0	0	0.171900947852436	1.02184283679458
TCGA-29-1784-01	0	0.0746374740821499	0.035586940456046	0.082117816337534	0	0.176074072370461	0	0.0506912735662602	0.0036777940807289	0	0	0.0322097233331151	0.070767551767638	0.106999209792425	0.0962351767340387	0.198382501258395	0.00252827603789609	0	0.0700921901833118	0	0	0	0	0.171269010098618	1.01067948275339
TCGA-25-1323-01	0.0267796152162069	0	0	0	0	0.224594003748253	0	0.0590823962293561	0.00509307562808801	0	0	0.129812095578438	0.0414136983072871	0.13992955731511	0.00760539157951008	0.238414437174242	0	0.0895394690088036	0	0.0377362602147059	0	0	0.4	-0.00788197549117085	1.09742512545355
TCGA-24-1549-01	0.0437013862375749	0	0.00193248698560689	0.109451221127137	0	0.154473640044913	0.109314796368369	0.0268606841638411	0.00177737421449202	0	0.0884870846460908	0	0.0173463377122987	0.154022972563031	0.096902966063278	0.0618227467163797	0	0.0885806861136835	0.0453256170433039	0	0	0	0	0.146226359572184	1.02874902066566
TCGA-61-1914-01	0.0445286186022543	0	0.0373539060718263	0.0181700744972661	0	0.0889084299749348	0	0.0458839994314139	0	0	0	0.0584987349908727	0.0491314596104326	0.0341377858838213	0.177639166998164	0.374591434720675	0	0.0446738431559396	0	0.026482546062399	0	0	0	0.158504654790926	1.03925666523799
TCGA-5X-AA5U-01	0	0.00775918166590773	0	0	0	0.464621365935143	0	0.0770340980672541	0.000898286510022686	0	0.00680381888938596	0.039671426976327	0.0120944842655947	0.349577864847944	0	0	0	0.0163022998089959	0.0252371730334251	0	0	0	0.1	0.0619393600668759	1.10113364140766
TCGA-25-2400-01	0.0609756922201209	0	0	0.120041441423905	0	0.186928957465006	0	0.0597691931919416	0	0	0	0.0711572210357581	0.0411557456637933	0.0272897473598625	0.0777897837723211	0.25206007217044	0	0.00258617842273439	0.100245967274117	0	0	0	0.3	0.0170811116880146	1.07585542118898
TCGA-24-2290-01	0	0.0261117497070703	0	0	0	0.211392532935438	0	0.0010105026376438	0.00839443058099254	0	0.0474526375625067	0	0.0405919630034316	0.123414792785374	0.0148433994458135	0.360479305880213	0	0.123068004632546	0	0.0357714859864637	0	0.0074691948425062	0	0.0916821821519862	1.05568160741593
TCGA-25-1631-01	0.011799744251541	0	0	0.156889048385813	0	0.211913913154288	0	0.00341909300378605	0.0126569610109161	0	0	0.0464908607893911	0.0676951720266063	0.188415393470123	0	0.17446947663847	0	0.100469399582258	0.0204331254914193	0	0.00534781219538787	0	0.2	0.0401987989974653	1.07704212011659
TCGA-09-1659-01	0.0128713324910425	0.00406553977940764	0	0.0589587829516299	0	0.146170097261222	0	0.00471033348949523	0.0176815330707235	0	0	0.0462366142255651	0.0549721819391084	0.246893784613	0.00633504182818456	0.310412167888684	0	0.0796992125425762	0.010993377919361	0	0	0	0	0.145739381545835	1.04192518344268
TCGA-24-1844-01	0	0	0.00376507124248951	0	0	0.152272082468341	0	0.025108612203286	0.0491897332748083	0	0	0.0549144502952095	0.0947328483465003	0.229860994582205	0	0.0247960627887199	0	0	0.350451205211104	0	0.0149089395873367	0	0.4	0.00666404263042368	1.09893344465661
TCGA-61-2097-01	0.000385038580940731	0.0114872827771807	0	0	0	0.206066838894842	0	0.0609651986165743	0	0	0	0.10021091064881	0.0473897702589065	0.161068395660078	0.0147736641036832	0.20627990633436	0	0.0932041336309938	0	0.0866760564178804	0.000418210774051291	0.0110745933016992	0.1	0.0720357638726448	1.06353258100526
TCGA-36-1574-01	0	0.00572968954907407	0.0027342868456169	0	0	0.312783183244552	0	0	0.00368220682988381	0	0.00726005226421586	0.0232302759656041	0.049009731006075	0.290497912196782	0.115676047334687	0.0694075678542907	0	0.0930268773010101	0.0269621696082077	0	0	0	0	0.199336414365923	1.01950901790847
TCGA-25-2391-01	0.0890386202441157	0	0	0.0624434419924695	0	0.0516627136097586	0	0.0448044476514171	0.0614678186835836	0	0	0.0683291654826495	0.0551382137044832	0	0	0.309562426502362	0	0.218915694867521	0.00791495032108454	0	0	0.0307225069405545	0.2	0.0425241792145166	1.06987048257035
TCGA-59-2363-01	0.103382309924174	0.0212487924733421	0	0.0271421633454534	0	0.0872029231906497	0	0.062687549467049	0.0165826964995383	0	0	0.0770672970220289	0.0478326936206742	0.0933248096227367	0.0396031714495968	0.176299417200377	0	0.193502417931763	0.0154192216958595	0	0	0.0387045365567565	0.5	-0.012488734063794	1.09030613730357
TCGA-36-1576-01	0.0597188597393202	0	0.00271104030143426	0.0993457235312032	0	0.291801496626042	0	0.0193498083870117	0.0356321473804863	0	0	0.0369846683792626	0.076222383016216	0.0981380094636539	0.0687614144707948	0.194635662371237	0.00179316981262295	0	0.0149056165207158	0	0	0	0.1	0.0880521913198076	1.0545052905607
TCGA-29-1690-01	0.0018087440493727	0	0	0.0222405032179914	0	0.188196743697729	0.0164606556382591	0	0.00655930383752601	0	0.020595017845623	0	0.256578241099258	0.0984113986799168	0	0.262673672893104	0.031488639798267	0.0787747213177658	0.0162123579251874	0	0	0	0	0.185273605548364	1.01351280319318
TCGA-25-1313-01	7.95373400641344e-05	0.00631794841887255	0	0.0403410312351589	0	0.21222999057129	0	0.00430387582069629	0.00169328978874704	0	0	0.072595431229483	0.083490551813811	0	0.0216784429108127	0.372575829013004	0	0.0708416949210335	0.0985394837631047	0	0	0.0153128931739224	0	0.110114952614544	1.0385510093495
TCGA-29-2427-01	0.0847081313033858	0	0.00352952613506109	0.166122376014175	0	0.124361841276062	0	0.0405323409261556	0.03084826924825	0	0.0262680946465173	0.0137314096181924	0.00451645337435731	0.0615550131720501	0.0935816478533678	0.334316908988713	0	0	0.0159279874437115	0	0	0	0	0.184475371964856	1.01448298640178
TCGA-13-0924-01	0.0753957759832925	0	0	0.153899865839786	0	0.131891255285178	0	0.0522595575819953	0.0442619725714742	0	0	0.0311725861205153	0.0523417647964247	0.0663314338667742	0.0875325096215153	0.232500324158315	0	0	0	0.0724129541747296	0	0	0	0.160957212614103	1.02179616821322
TCGA-24-2026-01	0.072923350614922	0	0.0585190933407082	0.0756368768098592	0	0.167376215193242	0	0.0529563044924008	0	0	0.0187369175574467	0.0440076737405918	0.0300474025688306	0.100707031483334	0.12524265593628	0.253846478262385	0	0	0	0	0	0	0	0.199034289207495	1.00773368401851
TCGA-13-0893-01	0.0437012133957626	0	0.000431985247456469	0.132038389680568	0	0.143508122591797	0	0.020073398399186	0.0626321196068439	0	0.0744533292942246	0.0222742760721689	0.0113057834130862	0.0221664124846874	0.128392810881424	0.177696505219683	0	0.114337199293147	0.0469884544199652	0	0	0	0	0.114356192586654	1.05251272007976
TCGA-04-1362-01	0.000795925566572122	0	0	0	0	0.225840823987233	0	0.0230814776088093	0	0	0	0.0859922712376511	0.128799732196592	0	0.0167580342688183	0.364214932918032	0	0.150066397458344	0	0.00445040475794825	0	0	0.3	0.0169661243514043	1.08546030349373
TCGA-13-0897-01	0.0130523812403614	0	0.000631602497966192	0.0916610652233388	0	0.160811721549225	0	0.0706560577747405	0.040440208362351	0	0.00849467573481867	0.0449111155066399	0.00619075518510492	0.0074945625949226	0.128128535478609	0.288016813696964	0	0.101668792874559	0.0378417122803988	0	0	0	0	0.147946640847695	1.03671824497089
TCGA-25-2399-01	0.0958031275314613	0	0	0.0834905792077198	0	0.166670341568526	0.0544239588792218	0	0	0	0.0676813501830608	0.0322982299046183	0.049457154957476	0.0570920887039786	0.0988561325178247	0.235371966482099	0	0.0291213590066663	0.0264647061585863	0	0	0.00326900489876084	0	0.112209386686722	1.03803971078308
TCGA-61-2110-01	0	0.00686084621382594	0	0	0	0.361953312349626	0	0	0.0322832417541634	0	0	0.111705657152146	0.13285104793696	0.186997117798236	0	0.165903883331418	0	0	0.00144489346362476	0	0	0	0.2	0.0426075698903159	1.08492213016395
TCGA-24-1425-01	0.0806477649166077	0	0.00185633915034179	0.0154172283875912	0	0.150867252467207	0	0.0105066710073431	0.0349309109172097	0	0.0284281738816422	0.00239819578065916	0.00534698389145707	0.251154242926522	0.0579384708083938	0.320197412434419	0	0.0273266103318248	0.0129837430987815	0	0	0	0	0.130277538583317	1.04755478537024
TCGA-29-1762-01	0	0	0	0	0	0.197000918815664	0	0.00344536126725503	0.00875780348867773	0	0	0.0301469263018015	0.255963145450195	0.182056538883469	0	0.137420435804545	0	0	0.12766359543979	0	0.0575452745486038	0	0.4	0.0129723068811467	1.08211029694212
TCGA-13-1505-01	0.107089940442886	0	0.0507013974889847	0.0598147571778404	0	0.279543901817842	0	0.0439271356562722	0.026350639138371	0	0	0	0.0376192860167146	0.0712424767106644	0.0664266530523376	0.228919953388176	0	0.0104091608426404	0.0179546982672706	0	0	0	0	0.198843964287037	1.00495848460675
TCGA-09-1668-01	0.093860596619604	0	0.0124050969633502	0	0	0.317853682517977	0.0192624101664383	0.0256336193693246	0	0	0.0657465920058686	0	0.00580004628993988	0.199753193782225	0.127606846693574	0.0682684963280412	0	0.0638094192636571	0	0	0	0	0.1	0.0854229304489113	1.06342704323906
TCGA-24-1552-01	0.0656022199336124	0	0.00198208670131734	0.0350126742480874	0	0.199320493915958	0	0.0149038649779678	0	0	0	0.022373663737465	0.00351575392347024	0.173640181788318	0.0745559794214774	0.378903143960186	0	0	0	0.03018993739214	0	0	0.3	0.0268262098019275	1.09069343006069
TCGA-13-1411-01	0.0213251391351541	0	0	0.0812214073768443	0	0.187059918813918	0.00960989079043438	0	0	0	0.0298027446245054	0.00859990918366821	0.00948110843935952	0.368874019169133	0.0742545792920477	0.178384093369767	0	0	0.0115856681186097	0	0	0.0198015216865592	0	0.239311659645382	1.00579128317492
TCGA-61-1728-01	0.00277925571641426	0	0	0	0	0.145276333073765	0	0.0113236203849803	0.040903864250288	0.000851131261705221	0	0.0222797695193847	0	0.389080739834875	0.0460874511387425	0.313264041469862	0	0	0	0.0197461480650275	0	0.00840764528495606	0	0.132252264837155	1.07702248785975
TCGA-25-2392-01	0.0233052617622109	0	0.00216429661600537	0.00438440058685026	0	0.173617374612147	0	0.00629005430293118	0.0117732964181336	0	0.0120741729584561	0	0.137950572621753	0	0.0320957405795401	0.553405748947739	0	0.0162280762705957	0.0267110043236379	0	0	0	0.1	0.0838438548210008	1.07120806181621
TCGA-10-0936-01	0.113981895264676	0	0.0621545844772173	0.0425810459063916	0	0.287799624964041	0	0.096097812468093	0.0425904044820794	0	0.0110907845411666	0.0393192112847763	0.0158714978272114	0	0.0616923475174906	0.14200853373576	0	0.0848122575310964	0	0	0	0	0	0.224992038309421	1.00152636664566
TCGA-57-1585-01	0.0514261435815988	0	0.00507224124472022	0.012330091004807	0	0.260814326381607	0	0.0174112192356638	0	0	0.0181764047894025	0	0.0388373722048276	0.342902626972761	0.027964581458762	0.19365050611169	0	0	0	0.0314144870141605	0	0	0	0.115118044089552	1.06032122396504
TCGA-24-1551-01	0.00676316691684941	0.0055068085508558	0	0.0542118895462146	0	0.191626985603799	0	0.00948477678999604	0.0550590549675963	0	0	0.0537216980643698	0.0787602989789028	0.267690332582948	0.0725348770493846	0.190189731874506	0	0	0.0142302685414895	0	0	0.000220110533087829	0	0.257853342053726	0.986917200357447
TCGA-24-1850-01	0.0779127672359287	0	0.00594447150379102	0.113310001561475	0	0.168088337409285	0	0.0287212238960193	0.049539757799653	0	0	0.0407749762243102	0.00943146940159359	0.0470709067714704	0.142555846919969	0.278717272528368	0.0379329687481375	0	0	0	0	0	0	0.0969908581618578	1.05561516462984
TCGA-09-0364-01	0.0822618615424917	0	0	0	0.00994327790869351	0.320751439266238	0	0	0	0	0	0.0503204085422191	0.0941946087765568	0	0	0.424219692982827	0	0.0183087109809743	0	0	0	0	0.4	0.00654694411674518	1.09031564767941
TCGA-29-2428-01	0.0475646098506193	0	0	0.135846842857393	0	0.142191427709505	0.0305424496200306	0.0612669145129162	0.0530664733691473	0	0.0475989444315325	0	0.00927958937298846	0.148930231850948	0.0938049646112746	0.229907551813645	0	0	0	0	0	0	0	0.0965237511996463	1.05444005750298
TCGA-24-2298-01	0.0263853841640032	0	0.00373531008417336	0.0611324464980431	0	0.312066087792469	0	0.0708897668116377	0	0	0	0.0335717937590678	0.00670761335787825	0.188276300653744	0.0189521327957176	0.109743275470606	0	0.16399278918142	0	0.00454709943124009	0	0	0.1	0.0738452657582459	1.07085151695137
TCGA-61-2113-01	0.0382683327830809	0	0.00644546469522782	0.0319026158345363	0	0.287498801199235	0	0.00848985331789792	0	0	0.0623778115214515	0	0.0251099593124971	0.0742148546977375	0.115057036025788	0.237210124919385	0	0.0953706575188831	0	0.0180544881742797	0	0	0	0.095790200235997	1.05462037827928
TCGA-61-1918-01	0	0.00373001139392122	0	0	0	0.341750153160589	0	0.0104688322259733	0.0230961461570003	0	0	0.0433629089257877	0.0441141253705624	0.112466175803681	0.0263513630483561	0.250005225447278	0.00439150894431653	0	0.132813772059999	0	0	0.00744977746253428	0.1	0.0867217835958373	1.05001043150494
TCGA-24-1544-01	0.148361108111044	0	0.00407448258894023	0.260020764209569	0	0	0	0.0619382936596959	0	0	0	0.0302105381957684	0.0419479218004074	0.236480625800879	0.0101409851152911	0.144359859585107	0	0.0624654209332982	0	0	0	0	0.1	0.0544589865978177	1.07297052115668
TCGA-25-2042-01	0.0529558247863283	0	0.0162407353927982	0.0281760200567521	0	0.316884528920168	0	0	0	0	0.0087789522852032	0	0.02535793313204	0	0.00626583754541762	0.358601858697817	0	0.0681177013225073	0	0.0756814260862108	0	0.0429391817747571	0.2	0.0510752844020209	1.06327992019335
