B cells naive	B cells memory	Plasma cells	T cells CD8	T cells CD4 naive	T cells CD4 memory resting	T cells CD4 memory activated	T cells follicular helper	T cells regulatory (Tregs)	T cells gamma delta	NK cells resting	NK cells activated	Monocytes	Macrophages M0	Macrophages M1	Macrophages M2	Dendritic cells resting	Dendritic cells activated	Mast cells resting	Mast cells activated	Eosinophils	Neutrophils	P-value	Correlation	RMSE
TCGA-25-1315-01	0	0.0380288206765125	0.0180824263400661	0	0.0378560501415973	0.0225499972726372	0	0.102383272146573	0	0	0	0.142768567517218	0.0481583416324825	0	0	0.470699242504974	0	0.11663967865801	0.00283360310992921	0	0	0	0.4	0.0215128916714577	1.09297448901284
TCGA-24-2297-01	0	0.0383642282124156	0.0386264261535962	0	0.177559692581691	0.023854446343194	0	0.0671704408903202	0	0	0	0.183396318623532	0.0689372653782216	0.0741617065331026	0	0.285306722328069	0	0.0426227529558581	0	0	0	0	0.4	0.0306837235291956	1.08552583266574
TCGA-09-0369-01	0.0202781062509933	0	0.00647723291976301	0.0609151885179831	0.160510537077713	0	0	0.0196101139452371	0.0201664339396236	0	0	0.115920916174648	0.0560622559488994	0	0	0.523715670335707	0	0	0	0	0	0.0163435448894321	0.1	0.145764742005785	1.04512704878392
TCGA-13-1512-01	0	0.130724973458317	0.0111211482553057	0.0424193412694587	0.107235828009884	0	0	0.117328616605712	0	0	0	0.151215399904385	0.0602270430180286	0	0.024938493400238	0.275588696462777	0	0.0303141144149633	0.0488863452009302	0	0	0	0.1	0.146804328736374	1.02803702918613
TCGA-29-1761-01	0.0498445271241421	0	0.0178042571469466	0.239835924240183	0	0	0	0.105139600068842	0	0	0	0.105295975996171	0.0466333163346929	0	0.0219334850466246	0.377177890953248	0	0.0104493885278995	0.011104404863327	0	0	0.014781229697923	0	0.1816877399588	1.02105633401402
TCGA-24-2293-01	0.046896521122692	0.0425947186610501	0	0.0704268005736343	0.164294497048644	0.00380041961242744	0	0.0212239634647582	0	0	0.00526117207003753	0.0901559644613044	0.047959215216034	0	0	0.405178280636595	0	0.0561176875697351	0.0164500684527725	0	0	0.0296406911103157	0	0.206000328223982	1.00386881388876
TCGA-29-A5NZ-01	0	0.0442605689268091	0.044006754730029	0.0296903147797632	0.243438131204702	0.03672717788561	0	0.0367582270854165	0	0	0	0.149919348781285	0.0400473636940765	0	0	0.323854607246759	0	0.0512975056655492	0	0	0	0	0.3	0.0813706799079536	1.06313263817423
TCGA-61-2113-01	0	0.0156051937756805	0.0222457548557567	0.068180659631811	0.141409025477744	0.0563483789183801	0	0.0136382526805923	0	0	0	0.113942472110266	0.043140481963115	0.00902087650740956	0	0.369653629226844	0	0.129173824602551	0	0.00193222905702773	0	0.015709221192823	0.1	0.159727101626314	1.02667929545337
TCGA-24-1435-01	0	0.105739697491992	0	0.116145945831588	0.0912533571395233	0	0	0.0106418644886751	0.012773054203322	0	0	0.179962897054732	0.048281892061834	0.0241682257597163	0	0.326263157196258	0	0.0847699087723589	0	0	0	0	0	0.181489362725582	1.02359218452631
TCGA-24-1474-01	0	0.0586420712719788	0.0261679980781036	0.0734260176984464	0.0632343712024116	0	0	0.0769960662755992	0	0	0	0.165693197423317	0.0591171014939911	0	0	0.347092877823103	0	0.0493885738328421	0.0212038791560905	0	0.0217179546478254	0.0373198910962911	0.2	0.104835273929477	1.04974946555144
TCGA-09-2048-01	0	0	0.0518222905223391	0.0318221633131987	0.0306204457121893	0.0203444986060439	0	0.12393544261552	0	0	0	0.11582232801701	0.0966953690577294	0	0	0.426693320046717	0	0.00461778710607692	0	0.097626355003176	0	0	0.3	0.0948013593191343	1.0594899812305
TCGA-59-2348-01	0	0.0716660247981901	0.0130240241922107	0.0260761374611888	0.0698178924010993	0.0272015370780497	0	0.175484459002312	0	0	0	0.184354182703355	0.0761480981249627	0	0.016010322718693	0.193259772415551	0	0.0139276173028874	0.103454416771168	0	0	0.0295755150303332	0.3	0.0628048027683103	1.06790666884295
TCGA-61-1900-01	0	0.0955981590818602	0.038913141543912	0.109549479499661	0.0755701192281452	0	0	0.103550777059023	0	0	0	0.18284939804092	0.0564607929627748	0	0	0.308536966188042	0	0	0.0259145999965111	0	0	0.00305656639915023	0.4	0.0248258985793897	1.0927189156583
TCGA-24-1562-01	0	0.0565711359437723	0.0524626223228129	0.00475514393877546	0.0398067110790942	0.1031789700299	0	0.139622770225588	0	0	0	0.245847921957521	0.0756943475607487	0	0.00977584416953027	0.25433134512236	0.0159197617889376	0.00203342586095896	0	0	0	0	0.2	0.13428698941684	1.05597920997511
TCGA-24-2290-01	0	0.0109870416629304	0.0320632371347247	0.0143055943885194	0.109652280681884	0.00905198088029775	0	0.0605942893112197	0	0	0	0.119184683585236	0.0548475684736416	0	0	0.447973414099388	0	0.0919766431770763	0	0.000278291176612474	0	0.0490849754284691	0	0.189728751790806	1.01543922544964
TCGA-29-1695-01	0	0.0741481345524939	0.00641626419710979	0.0564238112608011	0.142966774245139	0	0	0.028502488248906	0	0	0.0571860887946864	0.0517925651874406	0.0368428450314696	0.0221010739820844	0	0.384262930659812	0	0.052223747317835	0	0.0531563551266453	0	0.033976921395577	0	0.21434629358906	0.998917784932497
TCGA-24-1546-01	0	0.12266532155296	0.0300111023816113	0.0160513446162677	0.152186133637122	0.0133838410431416	0	0	0	0	0	0.140300594960313	0.0484638823630109	0.000774209332751375	0	0.415953919474169	0.0014066372179571	0.016558584225538	0	0.00508667065706236	0	0.0371577585380961	0.1	0.15478814307735	1.03062061681221
TCGA-13-A5FT-01	0.0706918510875379	0	0.0502487030051468	0.0283150369556238	0.0859858494296431	0.0183102721278851	0	0.141013616887194	0	0	0	0.269963710020402	0.0866561019875151	0	0	0.19424510519654	0	0.0408484321091825	0.0137213211933298	0	0	0	0.3	0.0765249802963756	1.08899513019067
TCGA-23-2078-01	0.14377740524034	0.0539330118927028	0	0.0908708609025389	0.178604609426057	0.0191580363486415	0	0.00159206794916897	0	0	0.00448849624711137	0.113518773444164	0.0948503348869087	0	0	0.281491850073755	0	0.0177145535886125	0	0	0	0	0	0.209736916368682	1.0061472929048
TCGA-24-1924-01	0.0226418032018937	0	0.0429634711575305	0.16332294547276	0.0731494919208065	0	0	0.0585440662584028	0	0	0	0.156970680323164	0.041894921264311	0	0	0.309315251704616	0	0.0772442522741179	0	0	0	0.0539531164223981	0	0.178866945708157	1.0220283471322
TCGA-25-2042-01	0	0.0547128663675108	0.0243041506130378	0.141970219286414	0.130390564117458	0	0	0.00245848524260182	0	0	0	0.128681944721294	0.0368475261618546	0	0	0.391561931669436	0	0.0426018217751069	0	0.00198711859336673	0	0.0444833714519192	0.2	0.132587966947046	1.04107967905624
TCGA-24-1413-01	0	0.0254505145240806	0.0585795607728502	0.00365173462863358	0.0142088488668836	0.0146270248588568	0	0.106519989398238	0	0	0	0.141281629295165	0.0602194988057407	0.00142167999648281	0	0.430199111436604	0	0.129666906723061	0	0	0	0.0141735006934031	0.2	0.108053482459884	1.05122594308074
TCGA-25-1630-01	0	0.0887524206569319	0	0.0607590564766672	0.0754676169721121	0.00265423134943473	0	0.0410634927323354	0	0	0.0115076550730845	0.0608830744076239	0.0339534347434905	0.00540849251706866	0	0.403775672648843	0	0.053123797488856	0	0.0704763182382106	0	0.0921747366953411	0	0.266090142708169	0.978276397958639
TCGA-24-1417-01	0.00388603500689029	0.00945613191929423	0.0115230927277337	0.0616452767021742	0.179067760139919	0	0	0.0120190658027016	0	0	0	0.194259682318441	0.0291391060559491	0	0	0.363790736121116	0	0.064745382309698	0.0550751626116354	0	0	0.0153925682844476	0	0.205793776953693	1.0125348542809
TCGA-24-2288-01	0.108130477818342	0.0629945599442207	0	0.148469752369539	0.0805056076896452	0	0	0.0334914924705658	0.012669609875774	0	0	0.130197637177738	0.0371090321118105	0	0	0.284333184518798	0	0.0937973802419284	0	0	0	0.0083012657816379	0.1	0.155165405145192	1.03000599052936
TCGA-09-1670-01	0	0.0797002218419594	0.00198000906132165	0	0.0685546058705696	0.0980144900916508	0	0.066213715104741	0	0	0	0.176711894165056	0.0803423383060861	0	0	0.326717643084431	0	0.0525711486365676	0.00611001183539455	0	0	0.0430839220022219	0.2	0.127750784241215	1.04254378843472
TCGA-25-2392-01	0	0.0577078266180864	0.0126641349804164	0	0.131521776723111	0	0	0.0823604504194132	0	0	0	0.167140062888509	0.0456803603392473	0	0	0.390325858307009	0	0.0565513095808603	0.0465349022771749	0	0	0.00951331786617223	0	0.16738903240082	1.02318389838548
TCGA-24-1551-01	0	0.0439292284728484	0.0291579990797006	0.106559875448805	0.121453961148702	0	0	0.081530051635024	0	0	0.0265602382208457	0.0851088008122153	0.0525818872981586	0.00748416076322458	0	0.367401940654123	0	0.0408425368120912	0	0.000167705833132457	0	0.0372216138211288	0	0.218256739682334	0.999168907875987
TCGA-31-1959-01	0.00734503262310688	0.0522475508029665	0	0.100762950531798	0.128977724073658	0.00201966548270275	0	0.0182189014009839	0	0	0	0.104841240326887	0.0419459096782271	0	0	0.441036260611007	0	0.0951299630688196	0	0	0	0.00747480139984381	0	0.252809257954313	0.987185116617377
TCGA-25-1633-01	0.037627819799047	0	0	0.213811667072	0.125401057497667	0	0	0.00185715933843277	0	0	0	0.13598732592162	0.0514944667189016	0	0	0.364680334944288	0	0.0369245842277107	0	0	0	0.0322155844803322	0	0.18007374581406	1.02646458076369
TCGA-25-2396-01	0	0.00878648562751041	0.0433882071348171	0.168898640250119	0.0540732235385471	0	0	0.0745210712949315	0.00305887674969954	0	0	0.134476653151668	0.0411654157506255	0.00414700299857028	0	0.310904953284614	0	0.112285087109191	0.0139317963775443	0	0	0.0303625867321614	0.1	0.154891909929166	1.0288487691015
TCGA-23-1026-01	0	0.0756913100055955	0.011194645846224	0.173603225821351	0	0	0	0.101834858439281	0	0	0	0.174349433637056	0.0483989418486569	0.0764835573277691	0.00891436256679382	0.263346529707823	0	0.043830303532105	0.0093293765143903	0	0	0.0130234547529547	0	0.180198898777891	1.02450293485302
TCGA-24-2261-01	0.0604310247864144	0	0	0.0986841954680605	0.104659704927824	0	0	0.0747584710016328	0	0	0	0.160087386357588	0.0528884779866792	0	0.0226412254285073	0.295526832790326	0	0	0.116895459205888	0	0	0.0134272220470797	0.1	0.160557426663494	1.02515493107606
TCGA-61-1998-01	0	0.0174754489665471	0.00439660590635105	0.0243525767184384	0.0320626416587743	0.0364382733878614	0	0.0782802999835332	0	0	0	0.0942610598304336	0.0680782807673376	0.0660576356983328	0	0.499333003284342	0	0.0564382047055399	0	0	0	0.0228259690925085	0	0.227880125920998	1.0055770015112
TCGA-23-1029-01	0.119001676043414	0	0	0	0.0969119973892206	0	0	0.0720201874356943	0	0	0	0.162596005343109	0.0560496013119189	0	0	0.312814178518014	0	0.138680531925627	0	0	0	0.0419258220330018	0.3	0.0579334651364012	1.0698421172391
TCGA-61-2003-01	0.0630198012980935	0	0	0.118374577028569	0.103268191274599	0	0	0.0365990056695185	0	0	0	0.137083849766481	0.0584983327077937	0	0	0.424555135964816	0	0.0584765247521362	0	0	0	0.000124581537993263	0	0.191554664779732	1.01747971781744
TCGA-24-2038-01	0	0.0945280608091324	0.0234257428420592	0	0.0856628864090507	0.0560421268997721	0	0.0338162128202704	0	0	0	0.201320699602182	0.0990561003227537	0	0.00949053873583733	0.211188101730288	0.0280176263661015	0.0166150042877138	0.140836899174839	0	0	0	0.4	0.0437805261828559	1.07147437190725
TCGA-59-2351-01	0	0.130109542208297	0.0443692879881575	0.0793770761272796	0.0259783729271058	0.0185172791921923	0	0.0240539277805568	0.0448187067998525	0	0	0.17091410908661	0.050486955262691	0.00549252603650401	0.00543685164255072	0.362862097245814	0	0.0158018909478207	0.0217813767545678	0	0	0	0	0.165862151169317	1.02785582590099
TCGA-61-2000-01	0	0	0.0419303868587688	0.0852109216430166	0.108673926935044	0	0	0.0232462745642253	0	0	0.0499173743014488	0.111764720489926	0.0593298785460436	0	0	0.406003291194023	0	0.0739506257960235	0	0	0	0.0399725996714807	0	0.211650008718862	1.00593722030557
TCGA-25-2404-01	0	0.0387168535558206	0.0347157917110691	0.0864923784110802	0.129303152161964	0	0	0.029465214805091	0	0	0	0.165539483043016	0.0280581848528669	0	0	0.347990184037628	0	0.107613272774396	0	0	0	0.0321054846470682	0.2	0.116651893473706	1.04853246348809
TCGA-24-1424-01	0.0469710732296989	0	0.0360619465454588	0.0769556565452871	0.127920758489601	0	0	0.00821791016659261	0	0	0	0.107877865447868	0.0555777828093982	0	0	0.391044602393652	0	0.109405368521571	0	0	0	0.0399670358508722	0.2	0.131926119014796	1.03596273971106
TCGA-61-2111-01	0	0.0387351041457485	0.0354117143925786	0.151540085795068	0.0354048322109815	0	0	0.0666642402936477	0	0	0	0.129347394467376	0.0539260334699041	0	0	0.461858337624487	0	0.0184564416402434	0	0	0	0.00865581595996461	0	0.176935093685084	1.02574818467687
TCGA-31-1946-01	0.044317807571638	0	0.0288363823758041	0.119773238451873	0.143719899142583	0	0	0	0.0154964765929321	0	0	0.105112853223647	0.0263576829392768	0.00709388436477857	0	0.399817499704603	0	0.0838034488729752	0	0.00284289579557267	0	0.0228279309643162	0	0.193080013522889	1.01191551873653
TCGA-24-2033-01	0	0.0893239735514954	0.02366130229684	0.168518981891076	0.0998623327197302	0	0	0.0620870478618522	0	0	0	0.171234595440048	0.0309454033064853	0.0555963018665385	0.0160251297485415	0.242799070848328	0	0	0	0	0	0.0399458604690645	0.4	0.0418033335125508	1.08879495792888
TCGA-25-1627-01	0.0054745934511671	0.0416185681675598	0.0265839919813465	0.0637972784469382	0.0502992869673346	0.034086844080675	0	0.0836042146797907	0	0	0	0.116714346170053	0.0595753548868328	0.0288828850675898	0.00202799929129931	0.447766274487494	0	0.0109441621653825	0	0	0	0.0286242001565362	0.2	0.136608814463206	1.04062846576854
TCGA-31-1950-01	0.00401211623077675	0.0473649663284421	0.0234029031176964	0.0799230579352655	0.0374278012805825	0	0	0.106334392898887	0	0	0	0.155743382597386	0.0853048956682601	0	0.00343250224056898	0.39504818791531	0	0.0584152302229183	0	0	0	0.00359056356390704	0.2	0.122329396852061	1.04614921418416
TCGA-36-1574-01	0	0.021481285948259	0.0555719948055509	0.0444081666635025	0.195842510376983	0.0368961320168435	0	0	0	0	0	0.136274967250047	0.0432514127821823	0	0.00452296039411792	0.40533609293487	0	0.0320046655564373	0	0	0	0.0244098112712064	0	0.191535041413187	1.01419887831348
TCGA-25-1628-01	0.0318406515123444	0.032893272711753	0	0.173915890880028	0.0891669020748424	0	0	0.057105040954737	0	0	0	0.152225369069654	0.0506493514665238	0	0.00498224954266208	0.267053892762796	0	0.00153277725518724	0.133163327098888	0	0	0.005471274670584	0.2	0.133658528292747	1.03961826474121
TCGA-29-1763-01	0	0.0516713847432635	0.0078863664370146	0.0848884679272744	0.131218127401135	0	0	0.0450311623252812	0	0	0	0.142187553664394	0.0421166307041268	0	0	0.379112672370873	0	0.0859541211747709	0	0	0	0.0299335132518665	0.2	0.119839181715259	1.04585222667433
TCGA-24-1418-01	0.00565860963744974	0.0197874505998819	0.0243352669147434	0.0721448700590816	0.119643537244265	0.0515814060833014	0	0.00488227377927567	0	0	0	0.164079772325654	0.0500476414608311	0.0184569496821947	0	0.393836507253569	0	0.0601315358989082	0	0	0	0.0154141790608443	0.2	0.101829375476434	1.05848620097925
TCGA-36-1580-01	0	0.0186896290142453	0.0340177109379705	0	0.129978473353214	0.0892978650749623	0	0.0361191995497148	0	0	0	0.169207316139831	0.0527236197365922	0	0.00467758793094067	0.334966754472059	0.000769808552476367	0.00186810919440101	0.103884634149607	0	0	0.0237992918939856	0	0.180872997921149	1.01566202125375
TCGA-13-1410-01	0.0675918832581349	0	0.0167067349000346	0.103347573738181	0.107776224663081	0	0	0.0378915902313872	0	0	0	0.118546073462186	0.0422722647691482	0	0	0.371751307942562	0	0.131423950157838	0	0	0	0.00269239687744761	0.1	0.144338984429322	1.03272872223099
TCGA-25-2391-01	0	0	0.082289352425698	0.0820515786144602	0.0596702928046289	0	0	0.0950909461499432	0	0	0	0.114597543762929	0.0468839981205358	0.0306731646200814	0	0.386609030095689	0	0.0418961594581875	0	0.00268919964026202	0	0.0575487343075854	0.1	0.15070001031652	1.0291311465458
TCGA-24-1553-01	0	0.0969950938441966	0.0162181495190336	0.0864661928919428	0.155701926311064	0	0	0.0498625054369753	0.000218111506171239	0	0	0.259633732053868	0.0224240014183139	0	0.0100010585351877	0.259089896653447	0	0	0.0344725983654106	0	0	0.00891673346438944	0.1	0.158310681471976	1.05176262899755
TCGA-24-1567-01	0	0.028649781303219	0	0.15591998962889	0.103709617630168	0	0	0.0552648919814031	0	0	0	0.13042427406812	0.05194309747317	0.0968277611884638	0	0.341774663492947	0	0.0354859232336195	0	0	0	0	0.4	0.0371443456905829	1.08818153225928
TCGA-09-0367-01	0	0.134606598322411	0.0121641574983456	0.13540469888696	0.0556100190919879	0	0	0.0652278445789084	0	0	0	0.181168571561646	0.0520869848607182	0	0.0268400883491374	0.231845765648281	0	0.00971624979226113	0.095329021409343	0	0	0	0.2	0.134745432615211	1.04008568390061
TCGA-61-1737-01	0	0.0523138430802041	0.056183212187099	0.0283062122665575	0.083949666008502	0.0604605941690255	0	0.0376758900831554	0	0	0	0.0972095181326105	0.0479494989805194	0	0	0.477368299243143	0	0.0472368986966927	0	0.0113463671524906	0	0	0	0.227378760750561	0.997532415283769
TCGA-24-1930-01	0	0	0.0466693304620487	0.118068856324929	0.023305710482003	0.027095361130978	0	0.043422591161926	0	0	0	0.205934903456624	0.0334244141681624	0	0	0.360338799643158	0	0.0580670571874939	0.0394343673270318	0	0	0.0442386086556455	0	0.169054523715579	1.03220024789279
TCGA-24-1604-01	0	0	0.062263913742006	0.03645595096672	0.0275752287073954	0.0545007558522069	0	0.0660357712076055	0	0	0	0.212963929845705	0.0423903310928114	0	0	0.391123455592214	0	0.0365958755895477	0.00678039095818884	0	0	0.0633143964456001	0.2	0.124906612204742	1.05442445527799
TCGA-10-0928-01	0.0306786719221014	0.0679155590640608	0	0	0	0.106195044668268	0	0.0562612989824439	0	0	0	0.166907710918231	0.0758060676224434	0.129922198793073	0	0.298138118050098	0	0.0681753299792802	0	0	0	0	0.4	0.0396062665536537	1.08239940139945
TCGA-13-1405-01	0.0154580812439355	0.0124992798716187	0.00763362530486472	0.175478214013238	0.0856102758383924	0	0	0.0975505339070128	0	0	0	0.183320364942247	0.0333032676673627	0.00286887248171012	0	0.349097844871606	0	0.0342590634337191	0.00292057642429227	0	0	0	0.2	0.128148179458486	1.05824369646477
TCGA-24-2024-01	0	0.0574652474988074	0	0.0756650961333667	0.0813499520741726	0.0511511674753106	0	0.00308514985756205	0	0	0	0.152466902256635	0.0347649538290646	0.00358480503955542	0	0.409888615050734	0	0.0652895464183796	0	0.0203117204307123	0	0.0449768439356998	0.1	0.139777914409552	1.04098895017185
TCGA-09-2056-01	0	0.0880684313119065	0.0138994501837088	0.183889626608657	0	0	0	0.0439203841416693	0	0	0	0.152306652665879	0.0408402959015058	0	0.00356806366225385	0.378639422885788	0	0.0293471641221042	0	0.0135403546498119	0	0.0519801538667155	0.1	0.158018672024533	1.03398346806021
TCGA-10-0936-01	0	0.0387539932075999	0.0877168339132506	0.0772067524590278	0.0591055436478379	0	0	0.119381027155258	0	0	0	0.249175437171015	0.0476074195268517	0.0312343783152189	0	0.213050574962503	0	0.0231261246935582	0.0478294195422868	0	0	0.00581249540559274	0.3	0.0811347487959908	1.07876865928715
TCGA-57-1583-01	0	0.156100800038023	0	0	0.105723558373487	0	0	0.144599993427096	0	0	0.00131091730782356	0.168028323534338	0.0715200668969985	0	0	0.270982941868051	0	0.0817333985541827	0	0	0	0	0.4	0.0271183165438964	1.08306136057549
TCGA-25-1329-01	0	0.11218809197633	0	0.114424806082842	0.0420423467789881	0	0	0.0102793359672205	0.0181344704335856	0	0	0.149445633533832	0.0401564795580054	0	0	0.421664521332601	0	0.0584622634202368	0.00558195654011557	0	0	0.0276200943762444	0.2	0.112230041875104	1.05273993551925
TCGA-13-0916-01	0.0108352859793649	0.00942930043622574	0.0195925135617177	0.192686353804822	0.0960554768263499	0	0	0.0203195870947973	0.00210961192969422	0	0	0.237537089777539	0.0521933495721604	0	0	0.295740308797664	0	0.010933583023264	0.0493425562697802	0	0	0.00322498292662007	0.3	0.0946137999248688	1.08307692569995
TCGA-29-1781-01	0	0.0486864046620695	0.0756489480171253	0.212969329235269	0.0635117221360594	0	0	0.0303230290262098	0	0	0	0.162855231029753	0.0441348984313133	0	0.0252772341598907	0.31752562736165	0.000454097643326262	0	0	0	0	0.0186134782973335	0	0.201800038350906	1.01599538827647
TCGA-25-1312-01	0	0.0337399296559609	0.0385205456953424	0	0.0956481246251946	0.061239683195092	0	0.107569403702098	0	0	0	0.142116811828521	0.0483832278709306	0	0.00745018230023367	0.40150620079012	0	0.0359963270947152	0	0	0	0.0278295632417915	0.2	0.113445564533286	1.04726496345597
TCGA-29-1696-01	0	0	0.0848954965474104	0.147900843324173	0.0440635248271922	0	0	0.11877302834095	0	0	0	0.0838137609488578	0.0395777000933548	0	0.00168086402528947	0.384837705588576	0	0.0575291288856507	0	0.0150973073004014	0	0.0218306401181436	0.2	0.0965145003555332	1.04978891716203
TCGA-29-1770-01	0	0.0305721513729717	0	0.0482411700359096	0.0638145051184671	0.0259957275742604	0	0	0.0201134373546086	0	0	0.183971952221451	0.0399337801098573	0.149222048313059	0	0.342561746614857	0	0.0592669099974052	0	0	0	0.0363065712871536	0.2	0.12787926504642	1.05650869587712
TCGA-36-1576-01	0	0.0934826546017893	0.0349939353658104	0.156421844834152	0.122742818825426	0	0	0.0402047438024064	0	0	0	0.12398290319315	0.0470059123460703	0	0	0.354718051582048	0	0.0224724897915977	0.00397464565754949	0	0	0	0	0.227119845349486	0.998598468277075
TCGA-13-1511-01	0	0.0768561120954038	0.0472044294596797	0.00466123337841315	0.123083901689388	0.144637494796333	0	0	0	0	0	0.216666125356674	0.0778697511495755	0	0	0.196751273951224	0	0.0893302883274716	0.0229393897958365	0	0	0	0.3	0.0806613886994085	1.06829963012683
TCGA-20-1687-01	0.0548998581323036	0	0.0229324645955594	0.0980683054611007	0	0.0702577118493313	0	0.109311837016189	0	0	0	0.162693107066629	0.0423246994462334	0	0.0183983975454776	0.327729592576206	0	0.0397259354743883	0.0457251818430521	0	0	0.00793290899352884	0.2	0.122196518796497	1.04379890667853
TCGA-25-1316-01	0	0.0385227600234764	0	0.229048950227911	0.0520153939944108	0	0	0.0368543913768969	0	0	0	0.192069999975301	0.05036187305816	0	0.00534238884955361	0.266979223142134	0	0.00881180001484316	0.119993219337312	0	0	0	0.2	0.12981517781467	1.05378600761373
TCGA-13-2060-01	0.0335659548132735	0	0.0600154066252727	0.172542580171915	0.0637846098638231	0	0	0.0739278158335683	0.00114459836398202	0	0	0.201457897241643	0.0441725494699961	0.0319063425081329	0.0143897503661911	0.228386841713262	0	0.0402287223228841	0.0344769307060566	0	0	0	0.2	0.113056909873504	1.05880266770732
TCGA-09-1668-01	0	0.0280186610111457	0.0462461392985992	0.0732656626427017	0.153933447391474	0.0581418683981527	0.0345333945305136	0	0	0	0.00507940056949393	0.192987903127728	0.0562323370916823	0.0129394626881467	0.00690449724016634	0.242653817553567	0	0.0578709687181879	0.0248384512900204	0	0	0.00635398844841998	0.1	0.147643354181515	1.03770701144075
TCGA-61-2109-01	0	0.0427633007959585	0	0.06033910487808	0.0998238011607842	0	0	0.0589495809226864	0.0107708246009696	0	0	0.18436954786082	0.115107989964415	0.00157600883286707	0	0.324191456512961	0	0.102108384470458	0	0	0	0	0.2	0.0976235604257389	1.0599246213139
TCGA-09-2051-01	0.037655226804989	0.0103933891897674	0.00965077992014513	0.0509529834851892	0.0535804108035881	0	0	0.0644223184777838	0	0	0	0.213505955292425	0.0323685893448161	0.0401805428363254	0	0.333647380616956	0	0.0855409503437229	0.0386011251178206	0	0	0.0295003477664711	0.2	0.1316191201301	1.04766123984507
TCGA-24-1842-01	0.0301052824124599	0	0.0191990277968148	0.157483586507628	0.136649567011693	0	0	0.0583240656875309	0	0	0	0.156418983516499	0.0449795036365388	0.0128592143276431	0	0.302950880271451	0	0.0608779953689929	0.0118935029906513	0	0	0.00825839047209751	0	0.210237082348649	1.00990140273689
TCGA-04-1364-01	0.356407623887888	0	0	0	0.0327845453156581	0.111920907889281	0	0	0	0	0	0.141095216272143	0.0604022860755041	0.05998266124994	0	0.237406759309586	0	0	0	0	0	0	0.8	-0.0210579022083736	1.13244849502004
TCGA-23-2084-01	0	0.0612752843370231	0	0.0673383924965438	0.00085538022822227	0	0	0.0506842450650509	0	0	0	0.215594273934633	0.123302175221528	0.0403008451183935	0	0.263228752391346	0	0.0952980209760633	0.0643969321192561	0	0	0.0177256981119404	0.2	0.10621784836022	1.05658029997756
TCGA-59-2355-01	0	0	0.0490756283827978	0.180830381887575	0.0861057448724823	0	0	0.0647806958932633	0	0	0	0.163762557759818	0.0844818808957614	0.0271457023124535	0.0123642861669964	0.331453121828853	0	0	0	0	0	0	0.2	0.127049410106034	1.0514765421831
TCGA-24-1423-01	0	0	0.067967572961316	0.038532352351753	0.118263039217507	0	0	0.0723859270084012	0	0	0	0.15580122852172	0.0497201852813217	0.102803568594139	0	0.273415116540327	0	0.121111009523516	0	0	0	0	0.3	0.093016353957352	1.05535254661687
TCGA-13-0920-01	0.115496169601408	0	0.12888846262456	0.140747597045146	0.0167580706860618	0.0379361770824402	0	0.012747803891258	0	0	0	0.150928884527725	0.0770638711791179	0	0.00901442017281824	0.261021538799781	0	0.0493970043896849	0	0	0	0	0.3	0.0692231265637901	1.07133017706809
TCGA-23-1114-01	0.0237332821390432	0	0.0333825857163581	0	0.114075109533413	0.0765170220191438	0	0.120309325659176	0	0	0	0.117205610472231	0.0718234272910372	0	0	0.364401848763136	0	0.0303131674663159	0	0.0482386209401452	0	0	0.4	0.026537064084102	1.08083016553652
TCGA-36-1581-01	0.0636883720050545	0	0.0224026257750992	0.0926361991734932	0.177308553946165	0	0	0.0940847948185786	0	0	0	0.138096978748047	0.0435157772412779	0.0116735038486191	0	0.307380272563397	0	0.0381961106766506	0.0110168112036189	0	0	0	0	0.182317933966769	1.01913473129567
TCGA-29-1776-01	0.0190076014958057	0	0	0.141979774909401	0	0.0623102454640445	0	0.0820544735339651	0	0	0	0.176046314338755	0.0702436029122514	0	0.0179229850066231	0.267784138027461	0	0.0208654846056997	0.134850304246329	0	0.00693507545966416	0	0.3	0.0756449966771938	1.0671688461038
TCGA-09-1659-01	0.00747312740567809	0	0.0388577959491887	0.115999366206569	0.144173426258304	0	0	0.0548412442615348	0	0	0	0.128883123623807	0.0666535122164812	0	0	0.339202851197507	0	0.0837628152287866	0	0	0	0.0201527376521435	0	0.175237003016279	1.01992053749607
TCGA-13-1505-01	0	0.0230359282701314	0.0895227273337939	0.135246963899164	0.146609611048097	0	0	0.0292702845596004	0	0	0	0.195865962438299	0.0508502807654942	0.0483806834195017	0	0.270218271396479	0	0	0.00351345217983494	0	0	0.00748583468960454	0.3	0.0858641517845744	1.07190576397833
TCGA-25-1328-01	0.000596008988449256	0.0596671364517988	0	0.0997867749726131	0.0463553149036864	0.0534029969677385	0	0.0540579674790636	0	0	0	0.219005430190934	0.0844767237380354	0	0.00920234881354508	0.292562061213694	0.0321395502759035	0	0.0487476860045385	0	0	0	0.2	0.119929363455299	1.05656309549336
TCGA-61-2092-01	0.0639587980760094	0	0.109789356384949	0.0918076266601788	0.00806274426095083	0.0805215854970088	0	0.0432506683374273	0	0	0	0.139993422646571	0.0523416659822346	0	0.00423263354999774	0.312451347714369	0	0.0261533245432009	0.0556539747372355	0	0	0.0117828516098678	0.5	0.00813099004528388	1.08417166638127
TCGA-29-1783-01	0	0.0173499131836292	0.0558770675581351	0.114298258604611	0.0352937704717878	0.0330393733920991	0	0.0457839439098479	0	0	0	0.156824040042927	0.0573388688637393	0	0	0.404491086596864	0	0.0527208135144766	0	0.00144441728071347	0	0.0255384465811686	0	0.177547931365228	1.02317567281189
TCGA-57-1582-01	0	0.0762987498400367	0.0616656679156757	0.161121498127691	0.082360533522705	0	0	0	0.0134650953734877	0	0	0.11879611192929	0.0717203488844792	0.0723636958547538	0.00165828569198652	0.336522348852311	0	0	0.00402766400758282	0	0	0	0.2	0.11321268733447	1.0477490762704
TCGA-24-1549-01	0	0	0.0532805090904356	0.127900700375477	0.117245372606274	0	0	0.0171553541979982	0	0	0	0.178374532550988	0.0443470797376926	0.0520881594999477	0	0.22920478748103	0	0.124246832481763	0.0561566719783934	0	0	0	0.2	0.133731303233831	1.04005776297454
TCGA-30-1718-01	0	0.0182314533301017	0.078840977737821	0.163683485641773	0.103318601992408	0	0	0.0626320425969044	0	0	0	0.137791814432344	0.0294790649353718	0.0646082066972467	0	0.249017812238495	0	0.0609554619994308	0	0	0	0.0314410783981037	0.2	0.126594052340936	1.04196650723088
TCGA-24-1844-01	0	0.112103315041425	0.0251453872103081	0	0.140137418769489	0.0223435304271823	0	0.0247959327459672	0	0	0	0.0753942824392477	0.05440838758128	0	0	0.487557538512944	0	0.0112305519765331	0	0.0388439635611152	0	0.00803969173450794	0.3	0.0598143060919617	1.07156410732231
TCGA-61-1910-01	0	0.0654565137501808	0.0181786666552189	0	0.0625914331491031	0.0567842232316253	0	0.0469785819550167	0.0167946350328457	0	0	0.136138049853953	0.0813449308656966	0.00929521742000114	0	0.380335815251838	0	0.126101932834521	0	0	0	0	0.2	0.120722828645443	1.0422228343011
TCGA-24-1552-01	0	0	0.0479127833869967	0.164976627015111	0	0	0	0.0943039258498278	0	0	0	0.141537512283084	0.0771565269352008	0	0.0229872856402846	0.428773716419401	0	0.0101873449135271	0	0	0	0.0121642775565672	0.3	0.0825999136975367	1.0686989500959
TCGA-29-1697-01	0	0.0527301336685074	0	0.12304591617908	0.0954433023069424	0	0	0.100409981667205	0	0	0.0250147589190545	0.107287095024116	0.110246013143166	0.0132596453512055	0	0.297277717518039	0	0.0752854362226837	0	0	0	0	0.4	0.0408809535690785	1.07569246741965
TCGA-57-1993-01	0	0.00994619372937158	0.054520404233386	0	0.0638358447235976	0.0722274473449399	0	0.0205455809806632	0	0	0	0.119367432202116	0.0516954551706731	0	0	0.485294157642834	0	0.080986465505431	0	0	0	0.0415810184669872	0.2	0.110402585742755	1.05275519262124
TCGA-25-2400-01	0	0	0.0205053086190214	0.108265717369146	0.0452537065674702	0	0	0.0381620320738664	0.0110899418516861	0	0	0.16020606224395	0.0493029158555901	0	0	0.451553238014376	0	0.102676298762732	0	0	0	0.0129847786421605	0.3	0.0727474443551457	1.07670258552937
TCGA-13-1507-01	0.00273102918353359	0	0.0728292887585547	0.222343816062739	0.0492589912605054	0	0	0.0158437583002598	0.00403381765948508	0	0	0.139716415457032	0.0465663548069009	0.0401500932158753	0.00193518143723033	0.29665886444042	0	0.0804326364236943	0.00713850583260354	0	0	0.0203612471611663	0	0.190944746360323	1.01559527530949
TCGA-24-1557-01	0.00489499056159571	0	0.146144426835281	0	0.0983228491038386	0.00176237654866684	0	0.0606219705162723	0	0	0	0.100176332805842	0.22390290964997	0	0	0.27092334901379	0	0.0932507949647436	0	0	0	0	0.2	0.106638910845076	1.04245328701277
TCGA-24-1416-01	0	0.0097376787735358	0.0428728239008984	0.0738825297074352	0	0.0454553811745051	0	0.130885869188056	0	0	0	0.212764344006828	0.0749886044625287	0.033754190753563	0.00525680780892198	0.304522309804633	0	0.0445353519291392	0	0	0	0.0213441084899555	0.2	0.100420965650617	1.06502609311673
TCGA-04-1514-01	0.0269806197350622	0	0.0160560822851423	0.0699265302032586	0.247985142772693	0	0	0.0811514781367799	0	0	0.0170530314163262	0.152126171628488	0.0956649269659019	0.0210980807449927	0	0.237900043883258	0	0.0340578922280965	0	0	0	0	0.8	-0.0305278826107405	1.11811619949237
TCGA-30-1861-01	0	0.0206587969894859	0.0517988373842136	0.11745416868873	0.0780167368972887	0.136174262790803	0	0.0688395888849631	0	0	0	0.167167842284161	0.0667565691190832	0	0.00329069558024087	0.264279510027373	0	0.0142314191509087	0.0113315722027486	0	0	0	0.4	0.0428964564826843	1.08884156362957
TCGA-29-2414-01	0	0.0120034389963656	0.0499498321924512	0.111961041528424	0.0746222080451782	0	0	0.0308919865537422	0	0	0	0.178376454211199	0.14489219946718	0.0191432330723235	0	0.321097249061685	0	0.00955075822349857	0.0475115986479521	0	0	0	0.4	0.0272204383595675	1.08703802701315
TCGA-29-2414-02	0.0619054942345551	0.021702719705035	0	0.174352305425997	0.070606252982389	0	0	0.120848160579861	0.0201854665518697	0	0	0.146684836253467	0.0529048969137655	0	0.0106074814903419	0.297903354544102	0	0	0.0222990313186165	0	0	0	0	0.16611168805046	1.03248694251906
TCGA-24-1928-01	0	0.0425607550461956	0.0256840412960195	0	0.188242443538121	0.0599307565038046	0	0.143104503483951	0	0	0	0.161124900654151	0.0613051485740032	0	0.0231739411174997	0.225507349175072	0	0.0154267951000546	0.0223240725372949	0	0	0.0316152929738329	0.2	0.101988962436915	1.05577261681647
TCGA-25-1870-01	0.0159704181536845	0	0.0355296810779103	0.163417118017939	0.0571723529921631	0	0	0.103596371035849	0	0	0	0.204370706557852	0.0617915893943239	0	0.0132888026077676	0.280244558469508	0	0.0107274753465559	0.0538909263464471	0	0	0	0.3	0.0752419344620952	1.07827142211968
TCGA-13-1498-01	0	0.0646598419393824	0	0.134273318896144	0.177834396904233	0	0	0.0848091984311393	0	0	0.0208623952378343	0.157656852450886	0.0724619048354722	0	0.00638087792006293	0.207349118095065	0	0.0375797949581256	0	0.0361323003316551	0	0	0.1	0.164532418579603	1.03627138414096
TCGA-29-1785-01	0	0.0522940369846786	0.0126658339785506	0.191223287502233	0.0501742639795192	0	0	0.0593717233308042	0.0277292741662952	0	0	0.132581745640718	0.030522897204383	0	0.00761959601488478	0.31195103841118	0	0.0715264599361902	0.0163364883928909	0	0	0.0360033544576723	0	0.227574477913618	0.998467456648949
TCGA-04-1362-01	0	0.0660643554541692	0.00554887830983839	0.0812842238440437	0.0730929274331091	0	0	0.0668317453164884	0	0	0	0.167858359648651	0.135586013120003	0	0	0.303624680921775	0	0.0544231290832407	0	0.045685686868681	0	0	0.3	0.0889773066453789	1.05991352699222
TCGA-61-1919-01	0	0.00711495387575343	0.06938159864208	0.104342906948974	0.0146136065024002	0.0504145462467762	0	0.0402196331008761	0	0	0	0.162721368940806	0.0545771721254477	0.0098186718345717	0.00657410490626156	0.370094584980747	0	0.0571217897269027	0	0.00876460713314958	0	0.0442404550352529	0	0.214799446797485	1.00541723857453
TCGA-24-2289-01	0	0.0308099750775601	0	0.086951914779988	0.0742906279727295	0.0486046995138165	0	0.00800459274889325	0.00170420364743579	0	0	0.117560691938539	0.0361061381327196	0	0	0.447990432823431	0	0.0515325819627334	0	0.0560630555822743	0	0.04038108581988	0.1	0.152596937797002	1.03528810512983
TCGA-23-1122-01	0	0.0361102584615005	0.0262051104692789	0.00473668413171062	0.218506231672635	0	0	0.0326071950678244	0	0	0	0.195295845139392	0.0465145739612386	0	0	0.3781482910848	0	0.0618758100116199	0	0	0	0	0.3	0.0888270891850315	1.06651401369765
TCGA-25-1623-01	0.0706636684144808	0	0.0157097320041271	0.0780331156642254	0.0682525142588583	0.0371471962664561	0	0.0294078168909243	0	0	0	0.210124939408553	0.0296273374633392	0.0549010839722121	0	0.282851879045737	0	0.0652819388247717	0.0338638753801451	0	0	0.02413490240617	0.1	0.164611964159069	1.03205037287852
TCGA-24-1843-01	0	0.0856637117259311	0.0501439440587084	0.161070646846972	0.0752567232752908	0	0	0.00473257048095063	0.0167462502193109	0	0	0.128854077226209	0.0445535817434531	0.0120024935588281	0	0.346640704730196	0	0.022705695595803	0	0.0292423217916652	0	0.0223872787466812	0	0.197509920585621	1.01064704190121
TCGA-25-1632-01	0	0.0385347132369556	0	0.0643799282501446	0.0028108029004957	0.0159309539426919	0	0.0688361688327387	0	0	0	0.144769491956599	0.0860944229436321	0.0853076686428928	0	0.329325187534558	0	0.133685976783847	0	0	0	0.0303246849754441	0.8	-0.0243132216580673	1.10982163531252
TCGA-24-1544-01	0	0.0380548579416662	0.0815721170881928	0.24949479359095	0	0	0.00978425942207988	0.0629398598278234	0	0	0	0.0622257807555137	0.151605387414417	0.0153223933594443	0	0.261577717114155	0	0.0549243582980498	0	0	0	0.012498475187708	0.5	0.0170574591928756	1.0781528241326
TCGA-23-1111-01	0	0.0667070325290322	0.00810109704033228	0.0540331493040988	0.0915614150547001	0.0585440288463846	0	0	0	0	0	0.192819398070596	0.0528716531796386	0	0	0.373965256397471	0	0.0474303002487523	0.0510242574321656	0	0	0.0029424118968283	0.7	-0.00646347900558509	1.1040237549425
TCGA-36-1569-01	0.069179582116612	0	0	0.171368351825672	0.127058549344078	0	0	0	0.0113404773869322	0	0	0.16419749473274	0.0408795755886176	0	0	0.353463434055693	0	0.0374824672366693	0	0	0	0.0250300677129864	0	0.177768114406686	1.02843981464424
TCGA-59-A5PD-01	0	0.0545689085603118	0.0349563236812524	0.132940982174134	0.114202662812241	0.0676704721885899	0	0.0146929447740472	0	0	0	0.185065769865458	0.0846653819893819	0.106358499161648	0.0117046561668943	0.193173398626042	0	0	0	0	0	0	0.2	0.128814719956183	1.05143559600336
TCGA-24-1419-01	0.00662626886582476	0	0.0271075782305857	0.109081660243786	0.0714457462671655	0.0342526794384814	0	0.0846846070724325	0	0	0	0.0937412459705486	0.128281725757556	0	0	0.409589694585074	0	0.0161895470207557	0.0189992465477898	0	0	0	0.5	0.0186106711775521	1.08639801522453
TCGA-25-1635-01	0	0.0266480941963775	0.01994098152776	0.120230753011458	0.0581533142735311	0.0569434772569068	0	0.0313092064860693	0	0	0	0.175773251058497	0.0332956213969523	0	0	0.412235156757805	0	0.0244677746091513	0.0213571873020771	0	0	0.0196451821234147	0.1	0.147977627189191	1.04207466394875
TCGA-23-1023-01	0	0.114942633362581	0.018087051937224	0	0.19627687154799	0	0	0.0545594784356605	0	0	0	0.226245084880626	0.058897896999497	0	0.00496463826305685	0.242607698731283	0	0.00700099226236457	0.076086794398238	0	0	0.000330859181478327	0.2	0.0990846687630168	1.0609531728619
TCGA-30-1891-01	0	0.0364542363344418	0.0467945709134087	0.25880309739769	0	0.0120738278886044	0	0	0	0	0	0.157223590163624	0.0515356829489115	0.0532533351987627	0.013084083550387	0.300787582268294	0	0.021832087887466	0.0362097780121385	0	0	0.0119481274362704	0.2	0.126450591176803	1.04866431901005
TCGA-04-1519-01	0.0031564478014355	0	0	0.00215102557252774	0	0.074201355385974	0	0.116819179684749	0	0	0	0.181122796636557	0.0510876379613707	0	0	0.487810101578686	0	0.0726615794839694	0.0109898758947306	0	0	0	0.3	0.0544623848557893	1.09016308634263
TCGA-23-1809-01	0	0.00087465914004135	0.0676470011520333	0.0359490066810796	0.107405430787513	0.0234312421906114	0	0.0641529060297993	0	0	0	0.190209323665887	0.0859598287499554	0.0112490696441538	0	0.230867611369853	0	0.0234373559914485	0.158816564597625	0	0	0	0.5	0.0111950955180224	1.08545051909275
TCGA-24-1103-01	0	0.121717580583243	0.0343734753766288	0.105255782903613	0.0289004283133779	0	0	0.124773050873839	0	0	0	0.232776764807045	0.0948566533689789	0.0519399754609918	0.0212405785874454	0.0459457246975171	0	0.00961719346656006	0.12860279156076	0	0	0	0.8	-0.0172303767784122	1.12075818593445
TCGA-24-2262-01	0.0448337212332878	0.0253326354519311	0.0276518284400971	0.21566738863111	0.0300305152632982	0	0	0.034989934202157	0.0422430790920989	0	0.0153780497574844	0.0912849151128555	0.0611662385852975	0.00841440295029243	0	0.280604330095849	0	0.077827721435976	0	0.0203748766619891	0	0.0242003630862757	0.2	0.122892936757896	1.03978118420952
TCGA-20-1682-01	0.0295224398091948	0	0.0275584606620375	0.137495575627734	0.0729134943190653	0	0	0.068331943339242	0	0	0	0.197681565651899	0.0451100610413064	0.043629649370909	0	0.228327462488202	0	0.06234880695791	0.0870805407324998	0	0	0	0.2	0.121508906792714	1.0487783761081
TCGA-25-2409-01	0	0.0757760285936599	0.0218779244159225	0.0512576486934478	0.0803847345682166	0	0	0.0870890323449234	0	0	0	0.181140169669546	0.0335990482947642	0	0	0.393023754522257	0	0.0547564688445229	0	0	0	0.02109519005274	0	0.174972335717873	1.02560350423614
TCGA-24-1603-01	0	0.0732341830194732	0.0296524589877691	0.0030603188609025	0.131999595975763	0	0	0.0681327707400055	0	0	0	0.158037716741838	0.0448029433153456	0.117478530915593	0	0.324249322410255	0	0.0225857033442845	0	0	0	0.0267664556887709	0.3	0.092178364573809	1.05869967668582
TCGA-23-1123-01	0	0.0552206136054138	0.00984467148968079	0.112250911126493	0.100000750775233	0	0	0.113462978544001	0	0	0	0.151599490871279	0.0302491752369789	0	0	0.371587385543846	0	0.0306437111524214	0	0	0	0.0251403116546533	0	0.171375585050746	1.02775727212881
TCGA-61-2009-01	0	0.0530176193403276	0.0375707536609063	0.231778640858131	0.00914539393669692	0	0	0.0341710504828858	0	0	0	0.123655611177365	0.061117419888541	0	0.00904721333249373	0.337294929177368	0.0119226845155082	0.0385836631429235	0.0278618493883032	0	0	0.0248331710985486	0	0.183528863098398	1.01594571815286
TCGA-61-2098-01	0	0	0.0469023833574582	0.0471799654360936	0.119538562016537	0	0	0.097280792524224	0	0	0	0.236090363506018	0.0577987741414853	0	0	0.344486157832108	0	0.0388125281265943	0.0119104730594816	0	0	0	0.8	-0.0136685355730427	1.12226698257136
TCGA-24-2023-01	0	0.00705193093588092	0.0438671406664856	0.136799423230173	0	0.01176105604167	0	0.114077879570714	0	0	0	0.223206107339791	0.0464390736485005	0.0204356792510695	0	0.322097425996078	0	0.0337791419784553	0.00882730352296987	0	0	0.0316578378182119	0.2	0.130909510751962	1.05735344071207
TCGA-31-1956-01	0.0659308483364741	0	0.0321352241216189	0.181594037325279	0.0916951505852897	0	0.0245974734198272	0.0526617569430814	0	0	0	0.0847038568284176	0.0401316868229341	0	0.0118426338377444	0.351986216978944	0	0.0381950174898063	0	0	0	0.0245260973105836	0	0.282968789728973	0.970349563544565
TCGA-59-2352-01	0	0.102354876070718	0.049608949838378	0.102526636624228	0.00868319556384436	0	0	0.0993641143162505	0	0	0	0.218103568349055	0.0502910828044226	0.0115186844849617	0.00247001526810464	0.296341246667922	0	0.0587376300121152	0	0	0	0	0.2	0.130144715180915	1.05201203502012
TCGA-24-2027-01	0.0501193100389714	0	0.0223762794830575	0.0964006254275427	0.15899520328436	0	0	0.0545573826064971	0	0	0	0.140045685225832	0.0646598303950723	0	0	0.364618173095908	0	0.0482275104427592	0	0	0	0	0.4	0.0386355175901128	1.08097955105622
TCGA-61-2102-01	0	0.0204821855152439	0.0156371296694323	0.108076937623261	0.00779076132054374	0.0611928477774558	0	0.070105591180871	0	0	0	0.10551904184337	0.132393985916541	0	0.00425825521021076	0.462424616200018	0	0.00778450967029373	0	0	0	0.00433413807275904	0.1	0.149923371306603	1.0376030139778
TCGA-25-1321-01	0	0.0925356883590186	0	0	0.106655500599613	0	0	0.0493383957283586	0	0	0	0.150019528670967	0.0542276065073141	0.0181564927847568	0	0.453558622832093	0	0.0690409283504191	0	0	0	0.00646723616746013	0.3	0.0828716809675892	1.06602768310648
TCGA-25-1322-01	0	0.0166552267028229	0.0411654093048103	0	0.12110343909785	0.0270676329706833	0	0.0670336437392465	0	0	0	0.157691039356665	0.061578820012204	0	0	0.370612023795665	0	0.110833537887826	0	0	0	0.0262592271322267	0.2	0.113507077970971	1.04670194601224
TCGA-24-2036-01	0	0.0695470186713504	0.0136541181216966	0	0.18699650667958	0	0	0.0363097366872404	0	0	0.0385771391387287	0.0505881848033761	0.0395391556650961	0	0	0.555162640730283	0	0.00962549950264902	0	0	0	0	0.2	0.0989235798717911	1.06256817285949
TCGA-29-1762-01	0	0	0.00843203145835644	0.0527278009176532	0.131485698103858	0	0	0.05410413082515	0	0	0	0.138424456019899	0.113919140638135	0	0	0.434252454627859	0	0.0183501379432816	0	0.0269864318721464	0	0.0213177175936605	0.2	0.100882492909623	1.06046450439143
TCGA-61-2110-01	0.0351047994729847	0	0	0.00136782953578374	0.106940134842478	0.0268138683117894	0	0.148879148918348	0	0	0	0.138721357737747	0.0699890815419871	0.0983138230075574	0	0.356668029124133	0	0.0121023880028033	0	0	0	0.00509953950438827	0.3	0.0792218560404276	1.06800432415782
TCGA-59-2363-01	0.0323771693653315	0	0.0173062266016263	0.133201064221527	0.0707268180427419	0	0	0.116566432092717	0	0	0	0.164926225675857	0.0722576939271317	0	0	0.349685089498774	0	0.00682652951364681	0	0	0	0.0361267510606467	0.3	0.0706579015804676	1.07587407268002
TCGA-25-1326-01	0	0.0360013965737011	0.0404855669635166	0.0913110035325129	0.108090429225788	0.0414754762951146	0	0.0331458214804517	0	0	0	0.156905763159109	0.0351378126500383	0	0.0080428417306383	0.405473126884031	0	0	0	0	0	0.0439307615050991	0	0.180787155108433	1.02350574665946
TCGA-29-1688-01	0	0.0324488074600037	0.0277194146006933	0.13691644339415	0.0572117453637937	0	0	0.00221609211573346	0.0376006427647066	0	0	0.160888217274545	0.0660618958135668	0	0.00330254176636827	0.33899667963348	0	0.075560373155805	0.0456856885274118	0	0	0.015391458129742	0	0.198202724217077	1.01054824783136
TCGA-61-2101-01	0	0.0635222941020678	0.0140392141980171	0.0679816316732954	0.0429877424277177	0.0536819017063749	0	0	0.012367404946947	0	0	0.105310340413275	0.046822004710023	0	0	0.491032282065223	0	0.0832124413391605	0.0190427424178988	0	0	0	0.2	0.115173710806142	1.04961771947924
TCGA-25-1319-01	0	0.033819533908487	0.0141444456919713	0.0936157395102439	0.0773206923966701	0	0	0.0830753632137261	0	0	0	0.164766945304486	0.0410784479693648	0.00988516569790792	0	0.342686709888035	0	0.0603219382021457	0.063992141498344	0	0	0.0152928767186183	0.2	0.111198595375799	1.04753875401731
TCGA-20-1683-01	0	0.0797406879090534	0.0590827743749493	0.0566326535415847	0.14179200562636	0	0	0.0768879008837361	0	0	0	0.158899793655096	0.0534873027222784	0.0238480567276258	0.00996583577585907	0.233576288188283	0	0	0.106086700595175	0	0	0	0.4	0.047405865397275	1.06757400113666
TCGA-29-1691-01	0.050475091800934	0	0.0232844958805538	0.121161714776927	0.111138895677355	0	0	0.0605308075741269	0.0111982332036637	0	0	0.172252730121196	0.0488664223374907	0	0.00216787772296862	0.316535174148947	0	0.0108938130254011	0.0609061039503223	0	0	0.0105886397801141	0.2	0.100095348465512	1.05654356845464
TCGA-09-2044-01	0	0	0.0464226317710029	0.162363415813334	0.0358484616246348	0	0	0.0346867341385738	0.0200352675198496	0	0	0.161925052786767	0.035332857192368	0	0	0.399990595425364	0	0.0582237555426641	0	0	0	0.045171228185441	0.1	0.161971831499513	1.03392182279758
TCGA-09-1667-01	0.0194831513612802	0	0.03056418111881	0.0990014555076771	0.199793873163582	0	0	0.00752575037332946	0	0	0.0125568505700429	0.146822357669612	0.0691787415789891	0	0	0.343908755215003	0	0.071164883441673	0	0	0	0	0	0.190132756159573	1.01698502726389
TCGA-61-1736-01	0	0.0819441226243042	0	0.0824453732805298	0.0399055211945686	0.00980607310207914	0	0.0179669738838887	0	0	0	0.203690264598782	0.0646009013902892	0	0	0.37188013877841	0	0.0929760973637014	0.0298411131958963	0	0	0.00494342058755089	0.2	0.107575262274089	1.05934877681231
TCGA-61-2008-01	0	0.0269531296862942	0.0736893381957453	0.139492121396104	0	0.0324373650408761	0	0.0948600833369874	0	0	0	0.193271046827417	0.0809211653778543	0	0	0.322881187688038	0	0.015229453554851	0	0	0	0.0202651088958331	0.2	0.108991179116587	1.05993526733106
TCGA-61-2008-02	0	0.012604049320509	0.0215961823869285	0.122007623117664	0.17457682526282	0	0	0.0567517986393812	0	0	0	0.20924066917186	0.043982030028911	0	0.0122823247973844	0.296405567840148	0	0.0294622158765163	0.0178614954426898	0	0	0.00322921811518814	0	0.170405028446245	1.03796646517292
TCGA-29-1693-01	0	0.0249962346545737	0.0384502051943135	0.127557688869414	0.126170508454525	0	0	0.00826230969222875	0	0	0	0.126292083065091	0.0313404001462657	0.0406175457929211	0	0.320934108094229	0	0.136306329110596	0	0	0	0.0190725869258419	0.1	0.148728561776636	1.03162981135495
TCGA-13-1403-01	0	0.0853210509919879	0	0.0590059399929813	0.0856373614306982	0	0	0.0419423098240168	0	0	0.0235026525607948	0.164761964332736	0.0368765080010152	0.114679847786533	0	0.300824762060411	0	0.0681581723067811	0	0.0161255273177336	0	0.00316390339431115	0.4	0.0293712287522384	1.09025114144865
TCGA-57-1994-01	0	0.12312342826395	0.0110834268800117	0.145569206373781	0.197206054822761	0	0	0.0775464647025337	0	0	0	0.112050670397385	0.0359148008324307	0	0	0.266042262007419	0	0.0313417852813749	0	0	0	0.000121900438353519	0.1	0.151467380963415	1.03595852432029
TCGA-24-1469-01	0	0.0154593731866944	0.0663702124081378	0.0840900275981085	0.107744656110721	0	0	0.0704600953003524	0	0	0.045395635879954	0.0630128849030029	0.0534301916684987	0.101473757013468	0.000383765153573358	0.318045320920273	0	0.0439503916588485	0	0.0301836881983677	0	0	0.2	0.099732154824196	1.04678396703679
TCGA-24-1427-01	0.0317956918651611	0.0291796603543507	0.0102474400275705	0.0470566368472878	0.137745871853147	0.0773983469078778	0	0.0658253427127503	0	0	0	0.175158641384276	0.0620119735129989	0	0.0131538338301985	0.222724528828815	0	0.0136943402010434	0.10722485056112	0	0	0.00678284111340249	0.2	0.110828170401111	1.04819948274202
TCGA-59-2350-01	0	0.0822848568734655	0.00656145860251213	0.0963357322347604	0.0472955177413604	0	0	0.0961576494308733	0	0	0.0032619460138289	0.0906786278948095	0.0871200910481652	0.0435825236783154	0	0.321840465275133	0	0.0992357369241412	0	0.0256453942826352	0	0	0.2	0.099380352327811	1.04531204858748
TCGA-61-2088-01	0	0.0915151836568221	0	0	0.114265830793566	0	0	0.178736883774408	0	0	0.0109671224540492	0.123166449445939	0.122374711949429	0	0	0.296508009269274	0	0.00936296179233075	0	0.0531028468641821	0	0	0.4	0.0361586514215007	1.07741281738312
TCGA-25-1313-01	0	0.0608046760671607	0.012566350800075	0.0142256823088869	0.117937083827727	0.0360134756177478	0	0.0146615181352861	0	0	0	0.144292580139191	0.0307659320388281	0	0	0.434959566029825	0	0.0965594290982687	0	0	0	0.0372137059370036	0	0.170698691210737	1.0250077724881
TCGA-OY-A56Q-01	0.0016348459388805	0.0406469087830204	0.00614345592331714	0.146238255760531	0.0692228560244476	0.0115576354767089	0	0.0517814447785537	0	0	0	0.097884859375025	0.0895997295645462	0	0	0.363549244509403	0	0.0234453589719045	0.0982954048936624	0	0	0	0.8	-0.0349302586232815	1.09876975789369
TCGA-25-1317-01	0	0.0503013314192383	0.0410586995802544	0.0634242582451996	0.0901105758598302	0.0372583188726037	0	0.00323985851450073	0	0	0	0.203376599774788	0.05488400771554	0.0252430409304133	0	0.325081653137359	0	0.0929190995277326	0	0.00706727333738359	0	0.0060352830851564	0.3	0.0543524004646367	1.08120782372742
TCGA-61-2104-01	0	0.03341640536359	0.0254648840696676	0.0741712803052639	0.122308821027746	0	0	0.0406684515377948	0	0	0	0.138681486991467	0.0470520594119593	0	0	0.367484203444037	0	0.111184798659242	0	0	0	0.039567609189232	0.1	0.159505314034082	1.02671369885195
TCGA-24-2026-01	0.0303188257211127	0	0.0937570683215267	0.147782424225166	0.0817330324029285	0	0	0.0477524837905192	0	0	0.0308820959456039	0.130259988019552	0.0598997481077494	0	0.00816567480862745	0.31341221904695	0	0.013735466267167	0	0.00919340605938511	0	0.0331075672837118	0.2	0.136535596989543	1.03860824312694
TCGA-13-0897-01	0	0	0.0482904573018299	0.18681927441117	0	0	0	0.0276448158418727	0.000458625553458746	0	0	0.193834447041419	0.0158964221970619	0.0757326378267477	0	0.315989472701661	0	0.0867637566323453	0.0457317100635698	0	0	0.00283838042886448	0	0.166296250662477	1.03484154870684
TCGA-24-1434-01	0.0231746574109861	0	0.0317781263162925	0.0181821294321132	0.145493312808055	0.04947137712385	0	0.0347782117310427	0	0	0	0.158544352622765	0.024068671184093	0.0425213937726174	0.00919961200629041	0.375373089334865	0	0	0	0.0311198956408798	0	0.05629517061615	0	0.183355830977837	1.02127556033041
TCGA-24-1558-01	0.0236225376869409	0.0422706521070645	0	0	0.131780135541016	0.0698257012909636	0	0	0	0	0.0578394745747658	0.0400226800512877	0.0787981782588063	0.0155688129774796	0	0.447387728780029	0	0.0299706132886164	0	0.0629134854430295	0	0	0.2	0.127421338579053	1.04013343368313
TCGA-29-1711-01	0	0.110116843251363	0.0115411962055737	0.104976903969471	0.0943919671227857	0	0	0.0583425300287284	0	0	0	0.197996906417937	0.0493353972426101	0	0.0259910008973617	0.297596796248049	0.00874245621544328	0.00770760534472056	0.0176617035807019	0	0	0.0155986934752546	0	0.188842018897543	1.0214165763227
TCGA-61-1738-01	0	0	0.0748099844417268	0.0781475299970075	0.0434388806184482	0	0	0.0926908047025271	0	0	0	0.088127567641923	0.0385955659094243	0	0	0.304456105974126	0	0.217797146387661	0	0	0	0.061936414327156	0.1	0.162737259527373	1.02247168813148
TCGA-29-1703-01	0	0.0681809489944792	0	0.159036781175447	0.127304997492063	0	0	0	0	0	0	0.154369944162937	0.0747128787041593	0	0	0.320709091592069	0	0.0945467988381526	0	0.00113855904069353	0	0	0.3	0.0831994945183671	1.06555414852192
TCGA-30-1862-01	0	0.0435757894634375	0.03115840227224	0	0.188543026098963	0.0538175131413662	0	0.0733782836651749	0	0	0	0.1864146228966	0.0574138687902789	0	0.0159858915921657	0.212624382459666	0	0.0114373383754221	0.12198836479803	0	0.00366251644665561	0	0.3	0.0820539786712976	1.05960863486409
TCGA-29-1778-01	0	0.0883637116055358	0.0667148298147955	0.143270449821251	0.0648902700508941	0	0	0.0196265919747523	0	0	0	0.189637175341889	0.0411368145407872	0	0	0.334174120752142	0	0.0342849254144488	0.0161357692363416	0	0	0.00176534144716265	0	0.16711155339797	1.03119499553808
TCGA-09-1662-01	0	0.0760218331048853	0	0.125065611766304	0.0919435822316152	0.00831470047716656	0	0.0682064339073954	0	0	0	0.171263256833839	0.0683635308567242	0.0295987620413633	0	0.360419100332876	0	0	0	0	0	0.000803188447831736	0	0.200783596347648	1.01783114844701
TCGA-29-1694-01	0	0.0158200806939161	0.0418282935462637	0.0330298639929975	0.111742019089452	0.0903343751055853	0	0.028964025635265	0	0	0	0.218173438296144	0.0479388451248387	0.044363807961907	0	0.253041978101541	0	0.0968158441710131	0.00199349732449603	0	0	0.01595393095658	0.3	0.0774812039909897	1.07372529490554
TCGA-13-0800-01	0	0.0453213373588578	0.00603594301319384	0.130891368274315	0.155188802336846	0	0	0.116278495660421	0	0	0	0.0797982188510061	0.0951018402072054	0	0	0.2972027413831	0	0.0741812529150546	0	0	0	0	0.8	-0.0334427108670263	1.10552263171181
TCGA-13-1497-01	0	0.0112945617059567	0.133965771676437	0.121949058147993	0.0942944083934976	0	0.00570063605375678	0	0	0	0	0.160157025225895	0.0628236125958664	0.0199707355969575	0	0.279396920303195	0	0.0753039310032739	0.0351433392971716	0	0	0	0.2	0.116831014668395	1.04341001249064
TCGA-57-1584-01	0.00337210506722967	0	0.0139639313941946	0.0473730150776278	0	0.182259557057407	0	0.0163836831615091	0	0	0	0.162651876970101	0.0751462395259127	0	0.00175505845854969	0.334949876760882	0	0.0139872128045325	0.14413587368071	0	0	0.0040215700413437	0.3	0.0851067131353588	1.0588783003206
TCGA-24-1425-01	0.0366504094735488	0.0183309138612809	0.000354675734229725	0.119756810331117	0.0994916011850553	0	0	0.0854012878059318	0	0	0	0.177617577623148	0.0773308737167045	0	0.012740252504756	0.232045560890549	0	0.0124643818638454	0.127815655009834	0	0	0	0.3	0.0947671710309947	1.05716791781445
TCGA-24-1846-01	0	0.0647478468744586	0.022845791965934	0.0887630088694999	0.207880466742295	0	0	0.0326734177723144	0	0	0	0.165160868782565	0.0466192388782335	0.0147730085341334	0	0.314038778989654	0	0.0236497036579585	0.0171633158839668	0	0	0.00168455304898738	0.1	0.159283437136231	1.03168371155601
TCGA-24-2298-01	0	0.00311912405544718	0.0811336618575301	0.124716023624444	0.0598613236277961	0	0	0.0781026810313461	0	0	0	0.182696260807883	0.0825438280826914	0.0550077891198507	0	0.300095579663019	0	0.0327237281299921	0	0	0	0	0.3	0.0608607516910772	1.07672342183206
TCGA-25-1631-01	0	0	0.0649296247933596	0.111703024187174	0.0902276822989471	0	0	0.0698705963996048	0	0	0	0.0959983399589686	0.0811670466120199	0	0.0081457034459018	0.473054762225201	0	0.00490322007882308	0	0	0	0	0.2	0.115390667698412	1.04990486087056
TCGA-13-0883-01	0	0.0282786403500316	0.0154497168507455	0.150010352819013	0.0868990749647566	0.0286292876442313	0	0	0.0378400938133105	0	0	0.0551148409381198	0.0391494218009647	0.0364693489236161	0.00430543291945611	0.412791614320148	0	0	0	0.0589350085215824	0	0.0461271661340243	0	0.187274069593603	1.01596534968646
TCGA-29-1710-01	0	0.0568982616203654	0.0242317277873795	0.135980899353381	0.142487549880657	0	0	0.0108995394037524	0	0	0	0.184366986252462	0.0457875879505777	0	0.000982688121993421	0.35396409963605	0.00721467080352655	0.00331701595988114	0.033868973229975	0	0	0	0	0.208651239736746	1.01307117867849
TCGA-24-2267-01	0	0.128754009387458	0.0324047959843474	0.118288025890732	0.153532265740691	0	0	0.0395531513726846	0	0	0.000121294840245889	0.0843765483552221	0.0392723719155636	0	0	0.360599242804248	0	0.0426335122168733	0	0	0	0.000464781491934525	0	0.199516549085132	1.00703108405047
TCGA-25-2393-01	0.0718316899454717	0	0.0425462933130404	0.167802243593787	0.0482185471685618	0	0	0.0539905714423741	0	0	0	0.146049316268264	0.0722901989140738	0.0696547868848909	0	0.243652787505813	0	0.0234798657838263	0	0	0	0.060483699179897	0.1	0.145976379166282	1.03475417493056
TCGA-25-2401-01	0	0.0594863453475485	0.00634079771991319	0.103783954815728	0.0713264499591751	0	0	0.0937124415386519	0	0	0	0.172836615761393	0.0527043767810432	0	0.0108880267943321	0.359815572695357	0	0.0413685468496358	0	0	0	0.0277368717372217	0	0.200496014791524	1.01460892417266
TCGA-24-2281-01	0	0	0.0586029846586578	0.143392863470632	0.0784935861938778	0	0	0.0428948717967449	0	0	0	0.179457300036767	0.0791188687370571	0.0455204269770238	0	0.331263471880933	0	0.0270403392198038	0	0	0	0.014215287028504	0	0.17793791425502	1.02661071897066
TCGA-25-2398-01	0.0302425944555345	0.000956152930335336	0.00947770317962465	0.0755442446938726	0.14120707053163	0.0148753376080639	0	0.0180311295266413	0	0	0	0.101896298754421	0.070912217574978	0.0593443888823741	0	0.406307762416734	0	0.0712050994457913	0	0	0	0	0	0.186643925804174	1.01683893483235
TCGA-13-1489-02	0	0.0205476200649204	0.0439698784116556	0.168554459397205	0.180152030418605	0	0	0.0368401544043701	0	0	0	0.166135050042034	0.0583962728650657	0.0047819698090969	0.00685286703335317	0.238686031265964	0	0.0479698975521053	0	0.0169531496328597	0	0.0101606191027643	0	0.171533256597295	1.03074509584044
TCGA-24-1850-01	0	0.00487851499015253	0.0591024894243128	0.169968200320283	0.123850330719494	0	0	0.0206501403817387	0	0	0	0.13810289642686	0.0327449067979264	0.0193946534981806	0	0.398264578502281	0	0.0320252607786818	0	0	0	0.00101802816009041	0	0.176064260108495	1.02593750538946
TCGA-30-1860-01	0	0.0544901172675696	0.0501620966105354	0.208850394328406	0.0583788592165549	0	0	0.068387462372602	0	0	0	0.127056451040292	0.0505487766061124	0	0.0136177261761155	0.273650627878993	0	0.0791119920824018	0	0	0	0.0157454964204172	0	0.195764850036424	1.01190498417632
TCGA-23-1109-01	0.106718609415962	0	0	0.171282770337269	0.0418364513314938	0	0	0.0454518175892153	0	0	0	0.134804648805455	0.0702676678510747	0	0	0.365502753091971	0.00197820480782471	0.0283994439203802	0	0.0337576328493548	0	0	0.1	0.144038537015585	1.03768617073012
TCGA-61-1995-01	0	0.0655105576446734	0	0.0665427138883886	0.0772090967207657	0.0773719219001635	0	0.0432951838158672	0	0	0	0.201837409301489	0.0352209632617516	0.0228422997764413	0	0.351584862106256	0	0	0.0512770262365072	0	0	0.00730796534769676	0.1	0.154827112078766	1.03923064186817
TCGA-04-1357-01	0	0.143122147707977	0.0495499913165892	0.175521174495507	0.0988365172427786	0	0	0.0673528994966792	0	0	0	0.145365160119109	0.0318077474238005	0	0.00931844516848071	0.247741449877674	0	0.00839603461627627	0.0229884325351289	0	0	0	0	0.200991355536811	1.01382094472942
TCGA-VG-A8LO-01	0	0.152674025974684	0.0431668492294817	0	0.220933122401574	0.0128596935437148	0	0.125651981201505	0	0	0	0.168394168622465	0.0598506069396547	0.0338916189589963	0.0174954823810565	0.0839575475698434	0	0.0220183906559609	0.0403147322265171	0	0.00413689819770642	0.0146548820968406	0.4	0.0330777278363011	1.08715209453101
TCGA-5X-AA5U-01	0	0.0817205459813511	0	0	0.151690491274268	0.061559217050444	0	0.109951625397474	0	0	0	0.203158517863277	0.0654716221888892	0.0335006357863022	0	0.269205575221749	0	0.0237417692362457	0	0	0	0	0.5	0.00419342463620369	1.10648764872629
TCGA-61-2002-01	0	0.0604438016933149	0	0.155831523127346	0.11003428884958	0	0	0.0791126974567114	0.0127101046463618	0	0	0.134633706781026	0.042317711861107	0.00704956845922915	0	0.316540317373665	0	0.03062851983505	0.010546617497535	0	0	0.0401511424190741	0	0.219612570014972	1.00385875919808
TCGA-29-2425-01	0	0.0507828545000977	0.0744771975639552	0.0455282127994185	0.13673708441391	0	0	0.00942141973818184	0	0	0.0341046498020739	0.0779235283421332	0.0527562590054318	0	0.00321615363029165	0.440181837987274	0	0.0384303655843623	0.0364404366328698	0	0	0	0.1	0.151442373255401	1.02570674375253
TCGA-29-1701-01	0.0176647297877227	0	0.0403651995001437	0.212647547648998	0.0601474748618194	0	0	0.0417275472867381	0	0	0	0.107853574337619	0.0469202134493146	0.013817184931895	0.00596478712897549	0.413067997429113	0	0.0181984687415018	0	0	0	0.0216252748961597	0	0.208239054097754	1.00960404752141
TCGA-09-1673-01	0	0.09109335734409	0.0175713526426218	0	0.167470013774313	0	0	0.0575647854461851	0	0	0	0.16883271105558	0.0712547482148451	0	0.0135317446327803	0.25785518886605	0	0.0178900395094556	0.105126388033613	0	0	0.0318096704804668	0.3	0.0709230223436367	1.05640105493502
TCGA-24-1428-01	0	0.0193959389542788	0.0676596325988078	0.0775730099223382	0.160109406231483	0	0	0.0489218957809507	0	0	0	0.154654946201574	0.0439092459125688	0.0108488664927238	0	0.400561874997834	0	0.0044666013204953	0	0	0	0.0118985815869462	0	0.180085368759908	1.02277589063724
TCGA-23-1120-01	0.0443454362595794	0	0.0119738730315167	0.0557963424014138	0.0925395404045986	0.0197413537132337	0	0.0724420613410393	0	0	0	0.225264728340639	0.0687281041862166	0	0.0144714407019445	0.288009062898058	0	0.0365402402555927	0.0588404112129489	0	0	0.0113074052532182	0.1	0.154475900182055	1.03809957048603
TCGA-61-1914-01	0.0154484125670513	0	0.0959806811551594	0.0368940058469339	0.0340278735487343	0.00118610104945164	0	0.103101656763374	0	0	0	0.156969560519379	0.037920758728561	0.0391605733420258	0.0126363611591362	0.368960813825932	0	0.0113198245329046	0	0.0251432486662831	0	0.0612501282950747	0	0.195721268242412	1.01319588004316
TCGA-29-1705-01	0	0.0590344848186799	0.00300781310735108	0.0750320369127078	0.0625549282872624	0.0405444033671734	0	0.064138787599287	0	0	0	0.160755849481559	0.0348015554309858	0.0344026844614983	0	0.403004396950152	0	0.0348652458521846	0.00738580601327915	0	0	0.0204720077178795	0.1	0.154917288320962	1.03527934290377
TCGA-23-2077-01	0	0.0665061836359644	0.0302614233059414	0.0620382409954497	0.0786194917661858	0	0	0.0975974983731698	0	0	0	0.10897376779515	0.0526073391099623	0.0186948479199168	0	0.400741246592317	0	0.0695488364189609	0	0	0	0.014411124086982	0	0.166621377105277	1.0212451282461
TCGA-31-1944-01	0.0618050111070392	0	0.055832226557581	0.0994735532798661	0.0612769358171763	0	0	0.0656023932919707	0	0	0.00754116536534359	0.110897533672942	0.048964341366665	0	0	0.352734624199063	0	0.095782393834357	0	0	0	0.0400898215079963	0.2	0.127428251009056	1.03557283895095
TCGA-31-1951-01	0	0.0298968525465583	0.0142569585506755	0.094986033959555	0.0960016433206755	0	0	0.0401354279379769	0	0	0	0.142749052943144	0.039989666705526	0	0	0.376508171134414	0	0.11633988869457	0.013953704171198	0	0	0.0351826000357067	0.1	0.1633732899889	1.02631945538098
TCGA-36-1571-01	0	0.0881049804734783	0.0346761451474222	0.00799043607931045	0.0735235964749066	0.0425714063840971	0	0.134985860774048	0	0	0	0.166551434558747	0.0823709635771276	0	0	0.316433886585462	0	0.0239902269081039	0.0288010630372961	0	0	0	0.4	0.0381733378893553	1.07650973212661
TCGA-36-1568-01	0	0.113799723106001	0.0441696287340387	0.0732333883227729	0.096476751510805	0.0474252847737172	0	0.0212485835149671	0	0	0	0.185949074947751	0.0430950820795681	0.00357261427737753	0.00135817432713104	0.328707795022236	0	0.0106973924136358	0.0302665069699982	0	0	0	0	0.171702500468775	1.02617196355406
TCGA-25-1634-01	0.0628684770102173	0	0.10012058941436	0	0.0287794851902068	0.116899825256597	0	0.0707224591748297	0	0	0	0.156376446186044	0.0993466831055088	0	0	0.350788923768005	0	0.0140971108942318	0	0	0	0	0.5	0.00760918195715619	1.09122074014861
TCGA-24-2035-01	0.0224015572132517	0.00486086745073476	0.0016624406491877	0.103127402990503	0.16798167444357	0	0	0.029331299125459	0	0	0	0.115463120543564	0.059960518240751	0	0	0.420288297316324	0	0.0324405907990353	0.00707891325981095	0.00997851023725176	0	0.025424807730558	0	0.236997972489548	0.995493095814065
TCGA-57-1585-01	0.0754643561979105	0	0.00990367165927741	0.105144775278393	0.0393331650005981	0.104175364884603	0	0.0369208501613493	0	0	0	0.146264637290726	0.0704044492831867	0	0.00094605980579444	0.358586988709886	0	0	0.0528556817282747	0	0	0	0.1	0.154984512252855	1.03039908602353
TCGA-25-2399-01	0.0768511152746146	0	0.00442954880658266	0.173421311437412	0.0524208251048703	0	0	0.0164008687029716	0	0	0	0.173424129534747	0.0502670998420993	0	0	0.313869808530515	0	0.114281728479838	0	0	0	0.0246335642863505	0.1	0.156333287558829	1.03614966570628
TCGA-09-0366-01	0	0.0488194211410249	0	0.015151677502301	0.124949769762632	0	0	0.0852910490411076	0	0	0.0173750045088032	0.107369158344266	0.0495606680745962	0	0	0.446028275624402	0	0.0387333850063807	0	0.0204331734039493	0	0.0462884175905378	0	0.2021959503344	1.01013404936027
TCGA-23-1027-01	0	0.0744345943842668	0	0.0788997012905986	0.0364314433619562	0.0535893790708858	0	0.0602491148658849	0	0	0	0.169322481113175	0.0946743313154147	0.00544465903525241	0	0.353968105416843	0	0.0616681443981201	0	0	0	0.0113180457476019	0.1	0.156868292470258	1.03223294072061
TCGA-13-0893-01	0	0.124568297773197	0.0659806597641927	0.0665721675202453	0.0128544835772122	0.0461284383380778	0	0.0762887083598107	0	0	0	0.138598516209354	0.052207697803499	0	0.0381758793924261	0.233050559790383	0	0.0135334714206871	0.119930979795008	0	0	0.0121101402559078	0.2	0.114422967072064	1.03629541185025
TCGA-61-1741-01	0.109778976097813	0	0.0594371247120795	0.0589439588105624	0.133631508360065	0	0	0.0459764080762559	0	0	0	0.0981983769906798	0.0476541322745827	0	0	0.339714299570441	0	0.10666521510752	0	0	0	0	0.2	0.12129339636131	1.03727262946775
TCGA-36-1577-01	0.0330620145181888	0	8.11287347742738e-05	0.128325345898128	0.125002729264357	0	0	0.0164003552799618	0	0	0	0.186561963183883	0.0979444680389044	0.0506872193684777	0	0.335831376531456	0	0	0	0	0	0.0261033991818694	0.3	0.0540070861013709	1.08885064073735
TCGA-61-2012-01	0	0.0139227573106136	0.0287292183697092	0.153442269109882	0.116249420848918	0	0	0.0207107311036024	0.0210060907734784	0	0	0.116218207648528	0.0407267837376191	0.0349907656115937	0	0.335521846461315	0	0.0896116313593558	0	0.00203713055585732	0	0.0268331471095274	0	0.184607869065032	1.01647428333206
TCGA-13-1411-01	0.0203328181299866	0	0.0255005649464883	0.15624575164765	0.153739448420112	0	0.0185172825254143	0.00525444029990871	0	0	0.0360240394809494	0.0812410940619543	0.0345201870792628	0	0.00168136361651378	0.384986812412375	0	0.0256802724692384	0	0	0	0.0562759249101461	0	0.234994045047241	0.995008761337452
TCGA-WR-A838-01	0	0	0.0606929336854564	0	0.235902539337937	0.161531975937293	0	0.0515944360927606	0	0	0	0.203037002133233	0.0540544608702837	0.0136483055912883	0	0.149495620348104	0	0.0521035417156753	0.017939184287968	0	0	0	0.7	-0.00641584543252173	1.1211625789101
TCGA-61-1728-01	0	0.0991103782418873	0.00772589453047753	0.0873610302301224	0	0.00459341028502973	0	0.0884957618371444	0	0	0	0.169622353648254	0.0369452284607807	0	0	0.338594338609116	0	0.0749258621515239	0	0.052979404484062	0	0.0396463375216015	0.3	0.0891589498399029	1.06132840741515
TCGA-13-0924-01	0	0.0892194539885385	0	0.174810154030486	0.13857761809154	0	0	0.0764479831547362	0	0	0	0.159454210828574	0.0736475403579093	0	0.0294950744013974	0.188086312194112	0.0145579616663993	0	0.0557036912863069	0	0	0	0	0.189577519635365	1.02022921153069
TCGA-25-1323-01	0.00151248477828298	0	0.0345020641496406	0.0100712907762242	0.171413015802087	0	0	0.0292037618460785	0	0	0	0.166198281174164	0.0745513545579794	0	0	0.393848991138266	0	0.11374760955667	0	0	0	0.00495114622060727	0.3	0.0695775859651545	1.07024414968999
TCGA-61-1918-01	0	0.0575192513382703	0.010194785341946	0	0	0.0708142863985061	0	0.0280521098938067	0.0159965002795423	0	0	0.211763530033153	0.0446485399966847	0	0	0.393122479874362	0	0.102269529044811	0.0247899349847636	0	0	0.0408290528141542	0.1	0.145069209575728	1.04360527969775
TCGA-61-1724-01	0	0.0420207642334574	0.0516913079255123	0	0.159686645284261	0.0259578140877626	0	0.109209954136462	0	0	0	0.153911746245124	0.0788322763546627	0	0.0274378337675875	0.202658756819091	0	0.0133237299904728	0.126613888421261	0	0	0.00865528273434573	0.3	0.0675780278864315	1.05606092554798
TCGA-24-2271-01	0.0133472499089676	0.104863900530281	0	0.0693373467286074	0.0888689152459259	0.0116855459465285	0	0.118652205979531	0	0	0	0.166983468111393	0.061563937119081	0.0169689191512814	0	0.297492509030006	0	0.0353319355457028	0.0149040667026948	0	0	0	0.1	0.155977431089941	1.03102577925749
TCGA-25-1626-01	0.00289917044102863	0.0592336736446645	0	0.0830550624621985	0.143051266456644	0.0394177125735344	0	0.0570310709300164	0	0	0	0.170719819955513	0.0633431064807598	0	0.00365642682398746	0.348903205023122	0	0	0	0.0280773030470747	0	0.000612182161457191	0	0.207293273185462	1.01406070076694
TCGA-29-2428-01	0	0.120094867270017	0.0174006742653011	0.150588175227134	0.0947138251266961	0	0	0.0413569638022952	0	0	0	0.119706145744193	0	0	0.0043510753077175	0.423538466548751	0.0190276045809793	0.00194244430182456	0	0	0	0.00727975782509135	0	0.2287246134486	1.00043256543371
TCGA-29-1690-01	0	0.0719898665885254	0.0213570751225116	0.079436514805266	0.117547873682619	0.0692102191847083	0	0.00316499272236672	0.00212600681705688	0	0	0.111322892766422	0.0849598671373158	0.0649473863355877	0	0.34747913797377	0	0	0	0.00446052190158383	0	0.0219976449622673	0	0.201007935492506	1.00876161875087
TCGA-25-1320-01	0.0123055348094286	0	0.0298410994334553	0.0922113934777722	0.171290962275171	0	0	0	0	0	0	0.162792487149868	0.046994980863112	0	0	0.379350142239535	0	0.0892536950783799	0	0	0	0.0159597046732793	0.1	0.146648346972025	1.03816151294776
TCGA-29-2427-01	0	0.0262588086894086	0.0311598017458695	0.19321077992552	0.0411666151570415	0	0	0.058815314695418	0	0	0	0.182016001645806	0.02434912446464	0	0.0179033935368417	0.314889159635064	0	0	0.0818284704845089	0	0	0.0284025300198818	0	0.207564970720194	1.0125441638607
TCGA-09-2045-01	0	0	0.0577896085292226	0.0768545866890775	0.0053990375850555	0.10088017856345	0	0.00652282047774903	0	0	0	0.215118466915997	0.0469718939484682	0.0326210555486846	0	0.353575529200741	0	0.0992753199432531	0	0	0	0.00499150259830184	0.3	0.0883495951245854	1.0734111008784
TCGA-36-1570-01	0	0	0.0568469939094847	0.0649113103745432	0.118152478623408	0	0	0.103863432219103	0	0	0	0.117123475146082	0.0833435901824558	0	0	0.373285609250282	0	0.0745003550366623	0	0	0	0.00797275525797955	0.2	0.127639200451587	1.0378308233356
TCGA-24-1550-01	0.0883630552531955	0	0.0483156270771971	0.073039990407264	0.0347216476809243	0.0189249936986935	0	0.0794930731570009	0	0	0	0.113345686540439	0.0332606875387669	0	0	0.438012507036555	0	0.0219829981630818	0	0.0109853066288565	0	0.0395544268180258	0	0.203096485933396	1.00837621303633
TCGA-24-2254-01	0	0.0683067647635823	0	0.0249977986761138	0.0841322349635442	0.0601982821134659	0	0.00841230264338725	0	0	0	0.122628574283706	0.0790936927121915	0	0	0.492089115156615	0	0.0126424003909614	0	0.0288835416708082	0	0.0186152926256241	0.1	0.165305197453106	1.0319112723338
TCGA-25-1318-01	0	0.0611873189494983	0.0235454290168433	0	0.0459724103059402	0.167375350692632	0	0.0602594005456369	0	0	0	0.184722588299288	0.075127148348647	0	0.0195798958765061	0.224076493200778	0	0.0183216151694914	0.0913245050168162	0	0	0.0285078445779233	0.3	0.0568595146301211	1.06765897579402
TCGA-09-2054-01	0.00218282965884713	0.0802602932856586	0.046125567891807	0.120299022633509	0.0755282198337325	0	0	0.0209124190587636	0	0	0	0.176330011747859	0.0658937067491379	0	0	0.392170756340469	0	0.0202971728002158	0	0	0	0	0.2	0.105367828069692	1.05902064380679
TCGA-09-0364-01	8.23202880101669e-05	0	0.0330194611838623	0	0.214014526789776	0	0	0.0671255343459819	0	0	0	0.130661007644662	0.0856403447469681	0	0	0.46945680500074	0	0	0	0	0	0	0.8	-0.02180706953649	1.11377826604385
TCGA-24-1560-01	0.000692377515962909	0	0.0359608094665623	0.126747159762875	0.115535091770909	0	0	0.149146244213773	0	0	0	0.131158758501516	0.0675940562572668	0	0.00295015964856028	0.281347782491049	0	0.0820261508897708	0	0	0	0.0068414094817554	0.4	0.0357925061881192	1.08351058183836
TCGA-31-1953-01	0	0	0.0178821405680789	0.0760642259869034	0.115422522419871	0	0	0.0542452210305832	0	0	0	0.217651085481504	0.0466380065900961	0	0	0.310651862552126	0	0.0716979039338676	0.0592887183171247	0	0	0.0304583131198454	0	0.190504188949836	1.02178676424644
TCGA-09-1666-01	0	0.0870059599704405	0	0.196290824895328	0.114371581291764	0	0	0.0625226782156185	0	0	0	0.100658410264917	0.0431662272097476	0.0486625608518813	0.000184213959911383	0.257668894968287	0	0.0703219756709488	0.00334929740864306	0	0	0.0157973752925133	0.1	0.147926638610903	1.03220577000709
TCGA-13-1506-01	0.0743425011512496	0	0.0794318985731428	0.110578258195779	0	0.00367379702940587	0	0.088156585223685	0	0	0	0.131581272904347	0.0597295980337592	0	0	0.288662433645064	0	0.132296843576245	0	0	0	0.031546811667322	0.2	0.104769972031805	1.04576971218119
TCGA-24-2020-01	0	0	0.031578443783394	0.129390334839176	0.119172280827733	0.0321457514769091	0	0.0575905864361708	0	0	0.0297976564852134	0.0865370633974417	0.0996071158666797	0	0	0.412782272016047	0	0.00139849487123526	0	0	0	0	0.3	0.0526310908818963	1.07806335573126
TCGA-04-1365-01	0	0.0679133154672437	0.0197451726459929	0.13990157240189	0.157577292635603	0	0	0.0440237030465361	0	0	0	0.134440223826337	0.0512249721466796	0	0	0.296834648148599	0	0.0738066053583271	0	0	0	0.0145324943227915	0	0.17922327091025	1.01954990689701
TCGA-61-2097-01	0	0.061421302459582	0.0237375845472615	0	0.0375330901083422	0.0488024406464394	0	0.0635371682107666	0	0	0	0.05089274201872	0.0418990635448036	0	0	0.410651551834209	0	0.120968798888289	0	0.0826689416903468	0	0.0578873160512395	0.1	0.16155143454161	1.02281552516148
TCGA-09-1669-01	0	0.0523871794931922	0.0401970010130557	0.158101502231818	0.107382153617422	0	0	0.0633329478857956	0	0	0	0.191904625102601	0.0564259411644472	0.031996153698603	0.0114856968892433	0.275702714901954	0	0	0.0110840840018687	0	0	0	0.2	0.126185449383514	1.0542192730618
TCGA-59-2354-01	0	0.0615036871019766	0.0070074439267682	0	0.17870309153593	0	0	0.0660956589817859	0	0	0	0.238540128208096	0.0482890089582582	0	0.0107337222009271	0.33747254316411	0.00636946931448523	0	0.0452852466076629	0	0	0	0.1	0.148491813609768	1.04551492711644
TCGA-24-1563-01	0	0.037679455870765	0.0209304128703912	0.0927622465661192	0.0730216452654002	0.101599082247656	0	0	0	0	0	0.197050537440115	0.0508208080102978	0	0	0.304224426981457	0	0.0388571915217275	0	0.043216491128627	0	0.039837702097445	0.1	0.151731088779304	1.04125055251259
TCGA-24-1467-01	0	0	0.0636479248383026	0.0925988031246319	0.0774759204116062	0.0198265273759572	0	0.0700224252370987	0	0	0	0.15591211641535	0.0709583252382598	0	0.00691916598266893	0.411129566727493	0	0.0160173416385052	0	0	0	0.0154918830101261	0.2	0.0967912844999847	1.05980243440271
TCGA-24-1616-01	0.110673827089884	0	0.0221029975641668	0.0571768907150683	0	0.129938235349528	0	0	0.0357729343957666	0	0	0.179328589830737	0.0697964149684536	0.0985465823834512	0	0.227936221034741	0	0.0687273066682037	0	0	0	0	0.3	0.0531622886297226	1.07700959708353
TCGA-13-0730-01	0.0785750512391013	0	0.0290440005382992	0.164124327538642	0.0381055417531927	0	0	0.028933094190317	0	0	0	0.131757139337742	0.100821975167894	0	0	0.371068209085899	0.00890472864227778	0.0441057352109571	0.00456019729567819	0	0	0	0.2	0.133073838331049	1.03931665481707
TCGA-61-1725-01	0	0.0172822016084099	0.062460924251972	0.159079321486204	0.053113909404692	0	0	0.0521503283457534	0	0	0	0.173851791451979	0.0288610146307065	0	0.00454256706546	0.311383378549885	0	0.0641960972089173	0.0245533146134257	0	0	0.0485251513825946	0.1	0.156021835374852	1.03212541518229
TCGA-61-1733-01	0	0.0084031743360665	0.0335588800918588	0.234271345905893	0	0	0	0.0738787087667935	0	0	0	0.0900019752862116	0.0515656938366155	0	0	0.412733665211827	0	0.0882174304187144	0	0.0012157411801319	0	0.00615338496588794	0.2	0.103847791479395	1.05391051476522
TCGA-24-1422-01	0	0.0833620964602042	0	0.10106432761035	0.109293322611526	0	0	0.0196680799254613	0	0	0	0.222658363897132	0.0344478793128979	0	0	0.37799154362717	0	0.0404040954189069	0	0	0	0.0111102911363515	0.1	0.155620902929601	1.04620374598631
TCGA-24-1430-01	0.0208724294079961	0.000287718480500115	0.0398637447877127	0.0402226265293184	0.0800725565671265	0.0630772814172436	0	0.0258110480950485	0	0	0	0.183371083228978	0.0646100384081108	0.186753906264733	0	0.295057566813232	0	0	0	0	0	0	0.6	0.00301483821366549	1.11039781781942
TCGA-61-1721-01	8.12802079781091e-05	0	0.027481460095389	0.144820227652778	0.0458797904673904	0.036118518336826	0	0	0	0	0	0.100880004515342	0.0576858738140469	0	0	0.469568147457791	0	0.00377092909053319	0.110279485792785	0	0	0.00343428256914004	0	0.231069125449441	0.996754149085636
TCGA-29-1784-01	0	0.10665989184708	0.0454054447937767	0.153666654453249	0.0458361289937575	0	0	0.0509128077368562	0	0	0	0.15047194596467	0.040555870365993	0	0	0.335788576536836	0	0.0394485157099814	0.00382990222509756	0	0	0.0274242613727025	0	0.191444278797357	1.01477978896503
TCGA-61-1907-01	0	0.0872690977184294	0.0344172823197658	0.147418679154352	0.0384488815160312	0	0	0.113644904219029	0	0	0	0.137860133798195	0.0533272983907734	0	0.00908571620598816	0.339023969624125	0	0.0156341230141836	0	0	0	0.0238699140391279	0	0.257099294111645	0.985093105471694
