B cells naive	B cells memory	T cells CD8	T cells CD4	NK cells	Monocytes	Macrophages M1	Macrophages M2	P-value	Correlation	RMSE
TCGA-25-1315-01	0	0.180408919169779	0	0.204640695397086	0	0.146992210074428	0	0.467958175358707	0.4	0.0506970442863169	1.07406578532214
TCGA-24-2297-01	0	0.217088129738887	0	0.241322018977094	0.0113590922484028	0.16024243898034	0	0.369988320055276	0.37	0.0524879757898051	1.06664046459011
TCGA-09-0369-01	0	0.035992270014594	0.0765896043192502	0.0769083177941555	0	0.157641160773571	0.0407322010586017	0.612136446039828	0	0.183721393136118	1.03283638263296
TCGA-13-1512-01	0	0.128211250289235	0	0.195038435647749	0.0629216764398053	0.122729017229603	0.0769314785105695	0.414168141883038	0	0.192063356889904	1.00818759984141
TCGA-29-1761-01	0	0.177508092838199	0	0.259059410640748	0.0632721032655884	0.0874262206712944	0.0679351806740204	0.34479899191015	0	0.203998534993115	1.0006181969324
TCGA-24-2293-01	0.105592548808619	0	0	0.226813431951207	0.0359534389885096	0.0741900305097036	0.0144893517007414	0.542961198041219	0	0.22220762901924	1.00229222519309
TCGA-29-A5NZ-01	0	0.145698907896719	0	0.424591049106096	0	0.0610236431585831	0.00218446580065489	0.366501934037947	0.15	0.0979365914658254	1.05202160063549
TCGA-61-2113-01	0.00437534215611294	0.104773775066421	0	0.328685806032064	0.0549133051134175	0.0745347251032848	0.0506196266026484	0.382097419926051	0	0.17139603975621	1.01573900355713
TCGA-24-1435-01	0	0.146024077785588	0	0.206092212642866	0.00696384028084104	0.0825942727154272	0.0499373671420362	0.508388229433242	0	0.237717540086581	0.993205891130755
TCGA-24-1474-01	0	0.086098133088751	0	0.267673366663776	0.00229156978835315	0.244697676643643	0	0.399239253815477	0	0.176470569522922	1.01976526789563
TCGA-09-2048-01	0	0.00738274501042471	0	0.216504468972658	0.0105570064407836	0.195078872888634	0.0609180624003619	0.509558844287137	0.04	0.128869831702837	1.04904389013473
TCGA-59-2348-01	0.0673965280957896	0.134114441830303	0	0.20996793260101	0.0533919364208199	0.133996482261197	0.0548568407392259	0.346275838051654	0.04	0.130269477342224	1.03093695698343
TCGA-61-1900-01	0	0.356592472162124	0	0.23237701763269	0	0.0682304829458499	0	0.342800027259336	0.2	0.0780812882741155	1.06764425297145
TCGA-24-1562-01	0	0.0921965918279439	0.0703294025913271	0.243096957185557	0.0264244087323857	0.123300729521472	0.0380545567525994	0.406597353388715	0	0.182784595418184	1.01155737560436
TCGA-24-2290-01	0	0.112320119151288	0	0.236054510621168	0.02206665377097	0.117289388093655	0.0574427231511099	0.45482660521181	0	0.207156385134959	1.003336367694
TCGA-29-1695-01	0	0.143556915913815	0	0.141033954664406	0.0218651084358028	0.0710980382854809	0.0288493215824074	0.593596661118088	0	0.258396695753888	0.990173535947502
TCGA-24-1546-01	0	0.13179593464886	0	0.12985691490335	0	0.0888075705629232	0.0258884250559187	0.623651154828947	0	0.198753215510723	1.02337869295591
TCGA-13-A5FT-01	0	0.318269935847981	0	0.321446042416937	0.0177062576019751	0.12794025165103	0.0598440450495137	0.154793467432563	0.09	0.11821488053645	1.04379535301132
TCGA-23-2078-01	0.222361087083489	0.011571119908216	0.106528012056175	0.246941022971968	0	0.0858201456669641	0.0535840399614969	0.27319457235169	0	0.2113551670365	1.00143997278832
TCGA-24-1924-01	0.161211619807533	0	0.117284798404537	0.0354913766525665	0.0218317390456809	0.0991117854517867	0.0452752932672606	0.519793387370635	0	0.219448459621714	1.00359581160167
TCGA-25-2042-01	0.0616028543719344	0.10568627485704	0	0.311887942145607	0	0.106682579548932	0.0170151389934889	0.397125210082999	0	0.173205174918401	1.0166221055545
TCGA-24-1413-01	0	0.230244577212307	0	0.17164460801019	0	0.186697471503351	0.0656892488341173	0.345724094440035	0.09	0.113759661459877	1.04179269492644
TCGA-25-1630-01	0.037174889313661	0.0507905129284975	0	0.219988928568809	0.0476363369920541	0.0942850106419889	0.025322007100322	0.524802314454668	0	0.27525589738184	0.976917265987966
TCGA-24-1417-01	0.126515795524224	0	0	0.23604080873313	0.118847249326965	0.0807842028701521	0.0405850108129319	0.397226932732597	0	0.230637324187862	0.992889677040206
TCGA-24-2288-01	0.221168516562381	0	0	0.333504860230586	0.0623744520637507	0.0928832177841968	0.0696408139612396	0.220428139397846	0	0.171682262452718	1.01791721301071
TCGA-09-1670-01	0	0.0841968574216167	0	0.238708145340531	0.0236656901671531	0.188515376425456	0.0463228128610528	0.41859111778419	0	0.188927145259095	1.01105668223051
TCGA-25-2392-01	0	0.115211305490491	0	0.203507771729224	0.0287745238077259	0.080698638687801	0.0376875133823817	0.534120246902377	0	0.230450589887923	0.997644834133319
TCGA-24-1551-01	0	0.200164776249465	0	0.191827139381446	0.099227423231972	0.137000328855975	0.0523779380199419	0.3194023942612	0	0.215225551118704	0.996608546698434
TCGA-31-1959-01	0.117713641804777	0	0	0.329749735623997	0.058986672753339	0.070735699122229	0.0280777975383034	0.394736453157355	0	0.254198720406505	0.981794820807053
TCGA-25-1633-01	0.184640774296033	0	0	0.246952654929853	0.0492545102747496	0.0955149111782565	0.0502481069719096	0.373389042349198	0	0.204408132241244	1.00208242641549
TCGA-25-2396-01	0.0350978927782828	0.108740648198069	0.0814429120126474	0.0813070887842503	0.0578467690757384	0.117574268919753	0.0815299324134251	0.436460487817835	0	0.189067363281034	1.01157409736796
TCGA-23-1026-01	0	0.137310580763999	0	0.162021810007692	0.130973420590108	0.0516300818745836	0.0598590132109086	0.458205093552709	0	0.225922932522231	0.998152438791675
TCGA-24-2261-01	0.0523684547433185	0.0348339820685436	0	0.253375709048237	0.0733103624013288	0.0690678007451473	0.0355632838847225	0.481480407108702	0	0.218272337739867	1.00002526426973
TCGA-61-1998-01	0	0.104239565291394	0	0.29365288233557	0.0654578511060841	0.127312236649578	0.0240474375628038	0.38529002705457	0	0.215705426862223	0.997323509506089
TCGA-23-1029-01	0.0950123841273463	0	0	0.314794360134416	0.0606293776660708	0.173619652997936	0.0618333398261734	0.294110885248058	0.22	0.0712130278102807	1.05388150045824
TCGA-61-2003-01	0.146151248028019	0	0	0.171794906352597	0.00863512985886407	0.0991140516653302	0.0207431902845872	0.553561473810602	0	0.23317463469218	0.999824340023294
TCGA-24-2038-01	0	0.141122049292319	0	0.273324142451752	0.0676171437154788	0.137698074321523	0.00110456566336674	0.37913402455556	0.15	0.0980069276305806	1.04614858748749
TCGA-59-2351-01	0	0.223011424441476	0.0288342996965705	0.0920989411325466	0.0237673728090759	0.103326849767592	0.0258805816444106	0.503080530508328	0	0.226077571815554	1.00075551021893
TCGA-61-2000-01	0.122564238560244	0	0	0.151660168260233	0.12236881442019	0.103062877963942	0.0512747294742354	0.449069171321155	0	0.223258432967433	0.998854805954099
TCGA-25-2404-01	0	0.137441696730477	0	0.342630533205632	0.0694418708299289	0.0948846971749182	0.0334044666569372	0.322196735402106	0.04	0.129410026724223	1.03196457580813
TCGA-24-1424-01	0.0226991963474053	0.12077433015333	0	0.260203962995829	0.0485829885310112	0.148011206163838	0.0246158688815745	0.375112446927012	0.01	0.146711096534499	1.02481078752223
TCGA-61-2111-01	0.0437190026695876	0.0581627960217739	0	0.239531640633687	0.0528038321449643	0.0694120114739227	0.0427009215257824	0.493669795530283	0	0.205706846225103	1.0055951038484
TCGA-31-1946-01	0.0173598126823596	0.0890452238479948	0	0.265261028100242	0.0509574388216862	0.0298682743762617	0.0439324424578508	0.503575779713605	0	0.216286746240477	1.00169100846841
TCGA-24-2033-01	0	0.242917104727056	0	0.244756540296587	0.0488478555203173	0.0535637772121563	0.0365957574212899	0.373318964822594	0.18	0.0846953387856302	1.0523806758955
TCGA-25-1627-01	0.0379069365383907	0.117442192754299	0	0.201688821176878	0.0580072907421819	0.0926203558733709	0.03357909500553	0.45875530790935	0.01	0.156707234124458	1.02454221728796
TCGA-31-1950-01	0.0428389001820374	0.134627964912165	0	0.202279723967414	0.0377465242776211	0.125318567722109	0.0980330970272281	0.359155221911426	0.01	0.145267409248533	1.026390283624
TCGA-36-1574-01	0	0.169519834627049	0	0.165479415386986	0.035983825837549	0.10557084330019	0.0327525243895046	0.490693556458722	0	0.211853975940573	1.00387662931607
TCGA-25-1628-01	0	0.137561351490733	0.107704802464449	0.115066261197	0	0.0563441394082221	0.0399118337456556	0.54341161169394	0	0.200387164604952	1.01171159229271
TCGA-29-1763-01	0	0.193113769986176	0	0.174855257520702	0.0474921031911106	0.14257116972222	0.0462252549458559	0.395742444633936	0.02	0.143656612850714	1.02778759175031
TCGA-24-1418-01	0.0477296882955563	0.0917366062973084	0	0.252571342692273	0.0324583806630615	0.0896695060803873	0.0142024277458857	0.471632048225528	0.03	0.134800299173334	1.03496884546313
TCGA-36-1580-01	0.109628347438433	0.00369320412085095	0	0.185396875959249	0.041024772129867	0.11935032671309	0.0584107254596226	0.482495748178887	0	0.226620968935671	0.996966177483696
TCGA-13-1410-01	0.17831792318386	0	0	0.228766268482637	0.0821727015932629	0.033202280471134	0.0519053636057969	0.425635462663309	0.01	0.149513772628367	1.02826243165948
TCGA-25-2391-01	0	0.0425339669797646	0	0.282849821843353	0.0434112397708808	0.131476806559795	0.0297992238379377	0.469928941008268	0	0.172039060762702	1.02116407710254
TCGA-24-1553-01	0	0.176358818008817	0	0.249410944872057	0.0616143437714883	0.0808972977570287	0.022071785822903	0.409646809767706	0	0.231991668385436	0.990907801045267
TCGA-24-1567-01	0.126331290007088	0	0	0.234065999035606	0	0.191827440994603	0	0.447775269962704	0.21	0.0743087564287508	1.06412539972315
TCGA-09-0367-01	0	0.183300527056068	0.0877084005502154	0.077002991163549	0.033240050897351	0.0906807715477706	0.0663021134346171	0.461765145350429	0	0.206818290042546	1.00468459306696
TCGA-61-1737-01	0	0.122471473763829	0	0.177044942249662	0.00932803501496517	0.0363260683557874	0.0299916216891767	0.62483785892658	0	0.236579469138826	1.00262071657382
TCGA-24-1930-01	0.0822985991655165	0.0737348573062032	0	0.177359511662302	0.048683483163671	0.099526580539951	0.0574917973289422	0.460905170833414	0	0.230135229025539	0.993827640108559
TCGA-24-1604-01	0	0.169359630544997	0	0.184428395808735	0.0666980275152133	0.0734693063587676	0.0179504366557546	0.488094203116533	0.01	0.154666293183377	1.02809114309152
TCGA-10-0928-01	0	0.109030314220713	0	0.314086751553818	0.0288146351586523	0.147325923005049	0	0.400742376061769	0.21	0.0727930732954323	1.05839497032217
TCGA-13-1405-01	0.188771780625697	0	0.0377102899600276	0.231150551257499	0.0419391925628746	0.0447337584189348	0.0452387117878269	0.41045571538714	0.01	0.15705205764509	1.02390964704457
TCGA-24-2024-01	0	0.23446213348695	0.122555885773922	0.0324691366367271	0.0229617270504394	0.111754459689623	0.0520430230050193	0.423753634357319	0.01	0.154980529285868	1.02680891850926
TCGA-09-2056-01	0	0.157604493248048	0.183253354031303	0.014596135137001	0.00912610121012246	0.128073365961715	0.0558266604121654	0.451519889999645	0	0.186861740445076	1.01302456573915
TCGA-10-0936-01	0.0372650346097629	0.18848408782448	0	0.263726924690329	0.0798394232487999	0.166328498371471	0.0824149728214053	0.181941058433752	0.15	0.0985862584878565	1.04447229860261
TCGA-57-1583-01	0	0.221837937660073	0.0615153644917415	0.0995067955900047	0	0.145861282460235	0.0837473057930685	0.387531314004878	0.37	0.0527085450368258	1.06833540163595
TCGA-25-1329-01	0.163444230042555	0	0	0.215297234202409	0.0356176752983561	0.120096258626274	0.0398611240629685	0.425683477767437	0.01	0.155815763701358	1.02422270949826
TCGA-13-0916-01	0.072975543126835	0.060732834605952	0.153816788470183	0.147708001773083	0.0435605864811	0.0224200890042646	0.0220690615078806	0.476717095030702	0.01	0.152722815958728	1.02881661878189
TCGA-29-1781-01	0	0.21612626191639	0	0.193096085585333	0.0586592093141029	0.101841045180401	0.0230203353260659	0.407257062677706	0	0.252394836080837	0.982830306904686
TCGA-25-1312-01	0	0.107890631956983	0	0.201246279422017	0.0199217545977429	0.114124196659446	0.0366952723673321	0.520121864996479	0.01	0.145726204818162	1.03492392125988
TCGA-29-1696-01	0	0.154735791181716	0	0.284810775105564	0.0479608560547026	0.113210834654038	0.0538418940524269	0.345439848951553	0.15	0.0955432097675738	1.04365035528222
TCGA-29-1770-01	0	0.0802770003637802	0	0.370339774533371	0.072354651167584	0.0956307893129275	0.01785287059866	0.363544914023678	0.02	0.143039139370529	1.02979912609158
TCGA-36-1576-01	0	0.0954651838629443	0	0.32827912173853	0.067830723868453	0.0842422815529175	0.0220361507645569	0.402146538212598	0	0.25658675546509	0.981112923051656
TCGA-13-1511-01	0.00078527097417083	0.0952478900761425	0	0.33509176886643	0.0459119733532918	0.127284840145377	0.0852629247227584	0.31041533186183	0.1	0.110193370749557	1.03915824903866
TCGA-20-1687-01	0.0759692439333153	0.0692206239784746	0.0871011670115564	0.0666309179599765	0.00765700811208002	0.0818209479245609	0.0553264236789819	0.556273667401054	0	0.194887491957942	1.01688115347709
TCGA-25-1316-01	0.0515537281748589	0	0	0.336716985425365	0.120011244005259	0.0395212194697179	0.0180785435218291	0.43411827940297	0	0.174065718275791	1.02262667854121
TCGA-13-2060-01	0	0.196188280251812	0.145367125273512	0.0129254682168988	0.0835503052088197	0.100563213231595	0.0789179533380077	0.382487654479356	0	0.175793617281706	1.01706385464897
TCGA-09-1668-01	0.0170421115528346	0.107814719947439	0	0.296183292990122	0.0601099779907788	0.118841280152162	0.0823376636079781	0.317670953758686	0	0.177526001066309	1.01117771209234
TCGA-61-2109-01	0	0.14159682820376	0	0.343046224075464	0.0634690900300115	0.0944364530281223	0.00695185611501813	0.350499548547623	0.09	0.114537248486469	1.0397102278934
TCGA-09-2051-01	0.0563563272923281	0.0485485325772763	0	0.223803495062719	0.13689293743222	0.109826766364652	0.0439116744643835	0.380660266806421	0.01	0.153006706073168	1.02645593397147
TCGA-24-1842-01	0.0271305066952225	0.0822073877861976	0	0.216626950585533	0.103487009546458	0.092372837383067	0.0416741855233399	0.436501122480182	0	0.242152745872012	0.988137586237327
TCGA-04-1364-01	0.160893130113395	0	0	0.461489633818047	0	0.0568042771021262	0.000271789962030576	0.320541169004402	0.66	0.0101643679634326	1.09188074007218
TCGA-23-2084-01	0.00281887720447875	0.0525097851955858	0	0.259906217454848	0.0701735950200528	0.104212141311546	0.0441595811382437	0.466219802675245	0	0.166760092588356	1.02232780336123
TCGA-59-2355-01	0	0.180106640300045	0	0.23528031006499	0.0499026910758371	0.106569092421827	0.0730967115887887	0.355044554548513	0.01	0.148446677214789	1.02335739001064
TCGA-24-1423-01	0.0531565438135275	0.0320974892814634	0	0.349043940841153	0.0761293367204118	0.141270919950551	0.0491601194812096	0.299141649911684	0.15	0.0973971408528435	1.0449932891153
TCGA-13-0920-01	0	0.316611061504967	0.170652641786791	0.03118510915072	0	0	0.0697415750903753	0.411809612467147	0.15	0.0950980655579119	1.05924805885818
TCGA-23-1114-01	0	0.0713490694638182	0	0.418699535201187	0	0.0873148197508979	0	0.422636575584097	0.4	0.0505624937900157	1.07445492858286
TCGA-36-1581-01	0.178957298459879	0.00101074764941262	0.0347167811896278	0.220024749090432	0.00175928124551527	0.0746415898334496	0.0536894695408133	0.435200082990871	0	0.217975796115546	0.998944806620488
TCGA-29-1776-01	0.0301324837519045	0.14692698368266	0	0.12981282962035	0.020740414305547	0.0939787225039666	0.0441354922380326	0.534273073897539	0.01	0.16079815923942	1.03103498941018
TCGA-09-1659-01	0	0.175119214378983	0	0.195934802958165	0.0852701268647592	0.179743379298766	0.0408228154642018	0.323109661035125	0	0.192075927198517	1.00578932003705
TCGA-13-1505-01	0.0454192760166862	0.150758726984476	0	0.250865333413796	0.0537539806577858	0.098349945960079	0.0480283911099827	0.352824345857194	0.04	0.131045295138229	1.03046526188806
TCGA-25-1328-01	0	0.129383690479246	0	0.164328144369844	0.0572294004943916	0.077488149486296	0.00385230783985094	0.567718307330372	0	0.189971889234649	1.01961018685967
TCGA-61-2092-01	0.0658986537105671	0	0	0.26811651136469	0	0.198655872716685	0.0585945801578812	0.408734382050177	0.44	0.0427896801072421	1.07293324660027
TCGA-29-1783-01	0.0835434699487249	0.0225602638220977	0	0.268376195920041	0.0527065652138486	0.112447130091423	0.0586940006005311	0.401672374403333	0	0.207227317112359	1.00077773978782
TCGA-57-1582-01	0.0526501145467872	0.100039817748252	0.0375836951905483	0.148111617324309	0	0.106659403998612	0.0304840081589385	0.524471343032553	0	0.175533812463546	1.02285921572821
TCGA-24-1549-01	0	0.136142087670158	0	0.271197081975606	0.133283979860623	0.0647408023336071	0.0444931726146493	0.350142875545357	0.01	0.154006585560801	1.02540834699822
TCGA-30-1718-01	0.0234578219435016	0.16097510758852	0.0127813354690931	0.204651279571866	0.0395747546458568	0.0847479788954808	0.0423533785497041	0.431458343335978	0	0.175307842567935	1.01532121768669
TCGA-24-1844-01	0	0.19771597555294	0	0.192747580977649	0.0254002928823554	0.066204157739905	0	0.517931992847151	0.23	0.0678774800432835	1.0693252518092
TCGA-61-1910-01	0	0.103327626559432	0	0.284085587527793	0.0222219911627123	0.121650914755897	0.0965102040522492	0.372203675941916	0.02	0.137585100476152	1.02984103112686
TCGA-24-1552-01	0	0.100222993581596	0	0.280054138200699	0	0.101280180095109	0.0538521060179106	0.464590582104686	0.09	0.114140522087824	1.04390911311896
TCGA-29-1697-01	0	0.186479013685355	0	0.185049516808805	0.00915549250217124	0.016064682544776	0.020477976750211	0.582773317708681	0.2	0.0774912898243636	1.07166600015199
TCGA-57-1993-01	0	0.215247047052287	0	0.221717719895654	0	0.115483887499587	0.0455772787589954	0.401974066793476	0.08	0.125688485008052	1.03652897664428
TCGA-25-2400-01	0	0.0897312061459309	0	0.298431586731903	0.046011587562434	0.11885786039787	0.0305239796652459	0.416443779496616	0.13	0.100437913609782	1.04602631570883
TCGA-13-1507-01	0	0.140819613397658	0.157737815246794	0	0.077085067994902	0.0638275287789293	0.0616727869583756	0.498857187623341	0	0.230030814288136	0.997604014343229
TCGA-24-1557-01	0	0.117761256302843	0	0.23821623893864	0.0483295295689797	0.140353211182735	0.0393196594876761	0.416020104519127	0.09	0.115385975803051	1.03919585384993
TCGA-24-1416-01	0	0.1469689082662	0	0.144708426464166	0.0529771658573932	0.104854273977745	0.0284945564335939	0.521996669000902	0.01	0.15181428618992	1.03271455742826
TCGA-04-1514-01	0.236885115643023	0	0	0.190859560660917	0	0.285736500608116	0	0.286518823087944	0.85	-0.0130669243172605	1.10230928057065
TCGA-30-1861-01	0.0631834611952229	0.041160776386569	0	0.183460860602866	0	0.0608837224328755	0.0666045199223432	0.584706659460124	0.08	0.121736149327927	1.05303531506562
TCGA-29-2414-01	0.0947965841286294	0.0981431402265524	0.00759493173823961	0.150750334995184	0	0.122754888906244	0.0252684794965578	0.500691640508592	0.11	0.102038766595219	1.05524383309942
TCGA-29-2414-02	0.125687099651129	0.0313794939945401	0	0.320733377889909	0.0657567521823741	0.046236199543578	0.0609099231416358	0.349297153596834	0	0.191272375258427	1.00778653198411
TCGA-24-1928-01	0.0530760951374773	0.0971443046720661	0	0.306888257162283	0	0.0857192819457809	0.0377443393262112	0.419427721756181	0.01	0.155627622731095	1.0239326608954
TCGA-25-1870-01	0	0.0811461718367427	0	0.190714881043602	0.0616621022403803	0.0650410897373867	0.0204041584293002	0.581031596712588	0	0.16996099074453	1.02947055782301
TCGA-13-1498-01	0	0.188128760929536	0	0.240402624336453	0.0815934820506248	0.0547401310969261	0.0581761112787834	0.376958890307677	0	0.193997806441197	1.00638442704013
TCGA-29-1785-01	0	0.151367611866023	0	0.156189500731866	0.104241425209932	0.0663778552149178	0.0408289733395008	0.480994633637761	0	0.264403693423718	0.98044831554746
TCGA-04-1362-01	0	0.115979423137965	0	0.26013815228995	0.123611944156868	0.0932423107556382	0.0288975578057517	0.378130611853827	0.14	0.100094243322593	1.04729398197751
TCGA-61-1919-01	0	0.158242596744506	0	0.215495913095597	0.0519745931315741	0.130951601801533	0.0629334509666572	0.380401844260132	0	0.256579167826341	0.979200167359048
TCGA-24-2289-01	0	0.134932506707834	0	0.206083523335554	0.0356188900839619	0.0943932058609685	0.0136802206083417	0.51529165340334	0	0.185364715201889	1.01674470899922
TCGA-23-1122-01	0	0.181222318516551	0	0.14853448133997	0.0143883333829288	0.118318672352453	0.0449743123070179	0.49256188210108	0.08	0.121058095674551	1.04485413722161
TCGA-25-1623-01	0.150642627821179	0	0	0.315471712286762	0.0529647589335422	0.0359238609650286	0.000611085500136599	0.444385954493352	0	0.216467878071314	1.0010944340388
TCGA-24-1843-01	0	0.200412212384508	0	0.172909149333198	0.038975638632878	0.113896397000014	0	0.473806602649402	0	0.230935825637435	0.995952067643027
TCGA-25-1632-01	0	0.176333790630251	0	0.274712323247873	0	0.185147559437746	0	0.36380632668413	0.64	0.0167261064618405	1.08051874376449
TCGA-24-1544-01	0	0.133283059361999	0.255655510586884	0	0	0.191477330391829	0.034430527532624	0.385153572126664	0.48	0.039123778067602	1.07209426261777
TCGA-23-1111-01	0.0444947225773327	0	0	0.389143818920204	0.0148767248773841	0.0977118149038532	0.0240666079518006	0.429706310769425	0.48	0.039045308020207	1.07685457182089
TCGA-36-1569-01	0.087258243623365	0.0197296494249405	0.0575995278128076	0.164506773526545	0.0511934617093798	0.0413720741129375	0.0102560930533075	0.568084176736717	0	0.223809715905954	1.00306083223169
TCGA-59-A5PD-01	0	0.191266075405987	0	0.286486254307447	0.0474236635738391	0.08559063052401	0.0422706903721029	0.346962685816613	0.01	0.16185157170729	1.01815541909354
TCGA-24-1419-01	0.0499178851708067	0	0	0.325987790915956	0	0.15579788149013	0	0.468296442423107	0.36	0.0542730936491883	1.07456027504185
TCGA-25-1635-01	0.00173040866324216	0.128886634159975	0	0.191356395325386	0.0577324574436233	0.0966090390498888	0.00896694295954523	0.514718122398339	0	0.198639715816813	1.01108973392818
TCGA-23-1023-01	0	0.152933754318898	0.142780447302644	0	0.0317188409264044	0.139581373949436	0.0684130871853665	0.464572496317251	0.01	0.150792262351358	1.03074874279876
TCGA-30-1891-01	0	0.216970260479628	0.0399964198875508	0.15406835431095	0.00563391995917586	0.0834744601010923	0.0287532301962306	0.471103355065373	0	0.191585837071476	1.01256211239343
TCGA-04-1519-01	0.0892545909930573	0	0	0.420247697354603	0	0.0284498626403745	0	0.462047849011965	0.18	0.0818527318890576	1.06440079089268
TCGA-23-1809-01	0.0933423947840454	0.11371950063749	0	0.31736987069634	0	0.154856965472949	0.0726043879468664	0.248106880462309	0.22	0.0720006488098306	1.05446872340023
TCGA-24-1103-01	0	0.164179114318828	0	0.335648581285143	0.1070952254508	0.123867785384575	0.0532196036907594	0.215989689869896	0.66	0.0108236240930912	1.08059035060214
TCGA-24-2262-01	0.0910787289071411	0.0536624935477662	0	0.188759618108321	0.0449212494622607	0.063132351889661	0.0334215588543829	0.525023999230467	0	0.167998012198267	1.0245859546241
TCGA-20-1682-01	0.150730325856518	0	0.169362875867338	0.0943633103222909	0	0.0744711429077333	0.0349160131406625	0.476156331905457	0	0.205586418221236	1.00577326049086
TCGA-25-2409-01	0	0.150152530295402	0.0492993545606196	0.0872832797259213	0.0612389647868227	0.123404919249819	0.037863859146222	0.490757092235193	0	0.214239421605495	1.00346495359005
TCGA-24-1603-01	0	0.104897399025874	0.0326621182555506	0.119517243923472	0.04042638389032	0.109001538673019	0.0358608044027613	0.557634511829003	0.03	0.135765951975269	1.04342548057888
TCGA-23-1123-01	0.114662391212539	0.0339792698100856	0	0.207070987752867	0.0541017217259326	0.0973503503346849	0.0467468524126814	0.44608842675121	0	0.205621207477377	1.00338403143748
TCGA-61-2009-01	0	0.116452313783244	0.0808499471574662	0.125566285870026	0	0.0661688479674148	0.0559681853349736	0.554994419886875	0	0.246422249687037	0.992080078871839
TCGA-61-2098-01	0.184035373396808	0	0	0.25444383484475	0	0.160662555566961	0	0.400858236191482	0.44	0.0440684872830951	1.07327262016246
TCGA-24-2023-01	0.00479766726036631	0	0	0.155870895847411	0.0744077422868839	0.109156171417267	0.0627053339191658	0.593062189268906	0	0.175622826061767	1.03364021662472
TCGA-31-1956-01	0	0.149781806480621	0.111825480615325	0.103281336821911	0.0379636787234112	0.0712429440343716	0.0461996792085164	0.479705074115843	0	0.311939823024133	0.957747931810784
TCGA-59-2352-01	0	0.192018821812223	0	0.212037394654276	0.0769516910633521	0.0772049495024529	0.0668985539882388	0.374888588979458	0	0.170581036022254	1.01580085744986
TCGA-24-2027-01	0	0.179556524142988	0	0.307697608064154	0	0.0760008752570985	0.0100143564816807	0.426730636054079	0.23	0.0694980584880545	1.06136635400841
TCGA-61-2102-01	0	0.12099203617508	0	0.102053890871014	0.00698960994336532	0.159123244795507	0.00988577769471674	0.600955440520317	0	0.20195888584156	1.02320477862025
TCGA-25-1321-01	0.0525108232980687	0.0965042026476772	0	0.266794621352131	0	0.150161887802145	0.0327277433545988	0.401300721545379	0.11	0.105678649619124	1.04383686557018
TCGA-25-1322-01	0	0.163066977345983	0	0.193047231621913	0.094461853636507	0.186217125969221	0.0137498278672937	0.349456983559082	0.08	0.123799783277225	1.03564722018666
TCGA-24-2036-01	0	0.125106454065657	0	0.244883428318862	0	0.143688852956248	0	0.486321264659232	0.11	0.102770788608838	1.05285708726477
TCGA-29-1762-01	0.0596780277408763	0	0	0.203896193081646	0	0.152728970772299	0	0.583696808405178	0.01	0.161156088996935	1.03919560939756
TCGA-61-2110-01	0	0.258486391459722	0	0.281726554165919	0.0496133809926657	0.14990660721586	0.0109118978451856	0.249355168320648	0.21	0.0758659348192156	1.05510151361701
TCGA-59-2363-01	0.0624526752243284	0.0388046678747906	0	0.400553719171867	0.0103595995111009	0.152346360387572	0.0336332765669852	0.301849701263356	0.12	0.1011435770674	1.04487246186688
TCGA-25-1326-01	0	0.165112232481931	0	0.179851982452929	0.00746892177406664	0.0640951186848462	0.0450261703295141	0.538445574276713	0	0.217007768457072	1.00485332948763
TCGA-29-1688-01	0	0.133866126110975	0	0.221148269661407	0.0812695805682206	0.097121384497441	0.0540035900009075	0.412591049161049	0	0.235833292422843	0.989125706737922
TCGA-61-2101-01	0	0.199420152937824	0	0.227625194209135	0.0400762150905378	0.123897707377355	0.0583151751455746	0.350665555239573	0.09	0.112648046293315	1.03769754401624
TCGA-25-1319-01	0	0.181454620601222	0	0.233826740527691	0.067870627064772	0.0983674351817216	0.0470381685900543	0.371442408034539	0.02	0.136200200686447	1.02881013387606
TCGA-20-1683-01	0	0.187269676583553	0	0.267319193083581	0.0132387237915651	0.07252769099417	0.0457550930806183	0.413889622466513	0.16	0.0912602361061422	1.04949823825154
TCGA-29-1691-01	0	0.200624779752914	0	0.271292314438896	0.0223592848944196	0.113998400660401	0.037787763823402	0.353937456429968	0.01	0.151421638727488	1.02274385416086
TCGA-09-2044-01	0	0.170261629247387	0.0157799362112809	0.192042563488747	0.0258080886096329	0.0978683388380904	0.0445189615552198	0.453720482049641	0	0.203290235985898	1.00475811598249
TCGA-09-1667-01	0.13828302306329	0	0	0.262078384214875	0.123010326368995	0.0808837380407069	0.0404448139722094	0.355299714339924	0	0.189640192353018	1.00995375699623
TCGA-61-1736-01	0	0.16995866378071	0	0.212174205353004	0.0896102102909864	0.0988805940495683	0.0108650696004942	0.418511256925237	0.02	0.138550851331971	1.03142533523047
TCGA-61-2008-01	0	0.240233262022045	0.0379866276197015	0.0399891048147852	0.0197677232481205	0.0631832492557651	0	0.598840033039583	0	0.188199279467795	1.02904308864685
TCGA-61-2008-02	0.0110028976204883	0.0801624548623881	0.0752387395309845	0.158830310392857	0.0754437096707305	0.106049486508433	0.0424470642929799	0.450825337121138	0	0.211226601300817	1.00176492865851
TCGA-29-1693-01	0	0.141514716889427	0.165415844750447	0	0.0483340874958306	0.0930036459527572	0.0446531422520381	0.5070785626595	0	0.173191792404109	1.02245015975305
TCGA-13-1403-01	0.0465377883413188	0.0532574138009024	0	0.385088404182382	0.0759766658105285	0.0834937136168782	0.0148862290188044	0.340759785229186	0.5	0.0373696707702695	1.0730536717305
TCGA-57-1994-01	0	0.202254543098316	0.0817873365045381	0.154425073886664	0.0110578243592837	0.0450965661523839	0.020600943153728	0.484777712845086	0	0.188662541794916	1.01378232383517
TCGA-24-1469-01	0.162020539863268	0	0	0.263853077755339	0.0736033596153653	0.0802318296426902	0.0755187753795587	0.344772417743779	0.1	0.108203721940108	1.0413018687428
TCGA-24-1427-01	0.0326151073547215	0.0946141818637504	0	0.377823005515126	0	0.0663934513319325	0.00913897203863147	0.419415281895838	0	0.180997335715508	1.01606154915891
TCGA-59-2350-01	0	0.149438008321037	0	0.250152931749713	0.0305487272238106	0.0890268902808145	0.0430489103067884	0.437784532117837	0.09	0.118118595533857	1.03888094699649
TCGA-61-2088-01	0	0.217481224706458	0	0.347303583514702	0	0.156725865703214	0.0119320306299696	0.266557295445657	0.5	0.0358860387922801	1.07136216812124
TCGA-25-1313-01	0.0619565433184182	0.0442700495723704	0	0.158807475408231	0.0469212622349606	0.12444337114554	0.0354499283869193	0.52815136993356	0	0.213088752262183	1.00637251944788
TCGA-OY-A56Q-01	0	0.251218177683571	0	0.30775523038205	0	0	0	0.441026591934379	0.63	0.0185968611508759	1.08945175000382
TCGA-25-1317-01	0.0732286287833375	0.0851996500286529	0	0.307878570953389	0.0595306978071175	0.0726822505276056	0	0.401480201899897	0.16	0.092285390979706	1.05045140611471
TCGA-61-2104-01	0.0449478985284163	0.112920950404497	0	0.200241888035501	0.0472169528467856	0.128755009386249	0.0593601618684552	0.406557138930095	0	0.18213976404262	1.01147889288816
TCGA-24-2026-01	0.134694294925382	0.0320069429992319	0	0.208496627469358	0.0600667833661172	0.0990950268592497	0.06665724028984	0.398983084090821	0	0.166748071399526	1.01819217742871
TCGA-13-0897-01	0	0.0907451993659803	0	0.334090520969924	0.069777136103817	0.0566959152359178	0.075919051156325	0.372772177168036	0	0.210406062773366	1.00054438891145
TCGA-24-1434-01	0	0.132984227345444	0	0.193746012783877	0.0428784704673696	0.053932179137421	0.0339846433578056	0.542474466908082	0	0.21850651835628	1.00326332420944
TCGA-24-1558-01	0	0.350940432958924	0	0.171122720058323	0.0296184920513964	0.0929243259980473	0.0352530088204591	0.320141020112851	0.04	0.131062551483519	1.04041622553987
TCGA-29-1711-01	0	0.0795086824753057	0	0.309261558497724	0.0647783952984729	0.0872985007952545	0.0691151550667282	0.390037707866515	0	0.226290545363177	0.993405141793111
TCGA-61-1738-01	0.0316587848691898	0.168909959996599	0	0.180367175123183	0.0622226170852171	0.107276871031604	0.0947588377260001	0.354805754168207	0.01	0.158853113910641	1.02121826737765
TCGA-29-1703-01	0	0.136844082732705	0	0.229498959393897	0.0568035530507435	0.0202318090430435	0.0411831351770459	0.515438460602565	0.09	0.112069989916852	1.04740510403931
TCGA-30-1862-01	0.0364651248742908	0.15229837343721	0	0.259580222773807	0.0715972050303903	0.0816321735150306	0.0551640645731653	0.343262835796106	0.08	0.122349860132201	1.03412456371206
TCGA-29-1778-01	0	0.163445153448584	0	0.214403830815817	0.0893250953642684	0.00945254419442208	0.0126573880036277	0.510715988173281	0	0.204911920488285	1.00863609161158
TCGA-09-1662-01	0.000894447865732144	0.0869556984914917	0	0.277097780785609	0.113843708849982	0.152424967092103	0.00551741382834759	0.363265983086734	0	0.229400640781321	0.993479636447077
TCGA-29-1694-01	0	0.203762598122892	0	0.17486939724392	0.120586770079357	0.114073094287035	0.0416235468876764	0.34508459337912	0.11	0.104641450053454	1.0443325912996
TCGA-13-0800-01	0	0.21140236052661	0	0.24708352000225	0	0.305010151977935	0	0.236503967493205	0.89	-0.0214273257327271	1.09868211226682
TCGA-13-1497-01	0.0355473271125025	0.142031635529866	0	0.208597884531565	0.0731575690948768	0.0685240669205761	0.0700541517800146	0.402087365030599	0.03	0.134863870917342	1.03138735584354
TCGA-57-1584-01	0.0680665644189703	0	0	0.275071158854833	0.0686276215311334	0.0874486270433132	0.0131168840868746	0.487669144064875	0.01	0.147314988128423	1.03226570218245
TCGA-24-1425-01	0.101808205140614	0.0452055855127013	0	0.258847150036343	0.0547899665667566	0.105441166635989	0.0361806062315745	0.397727319876022	0	0.167455492278772	1.01705510676154
TCGA-24-1846-01	0	0.115110423756093	0	0.263385495163776	0.0746548712353978	0.0678424425334492	0.0480920274206465	0.430914739890637	0	0.191680930835323	1.00863410301587
TCGA-24-2298-01	0	0.179596499891512	0	0.183172363981116	0.0186289103619613	0.0946448500861097	0.0221230903287029	0.501834285350598	0.17	0.0868362744533865	1.05883464898604
TCGA-25-1631-01	0.053470062433789	0	0.0289972562532725	0.132574638771425	0	0.155200134287464	0.061122153634018	0.568635754620032	0.01	0.158296518303699	1.03926644951382
TCGA-13-0883-01	0	0.101040235698031	0	0.225162785839173	0.0501580310959354	0.106034217812636	0.0100409789829083	0.507563750571316	0	0.217284920938762	1.00242630036279
TCGA-29-1710-01	0.10867402679208	0.0253351162393452	0	0.256218143637489	0.146136776168406	0.0776736610072101	0.0219321729160047	0.364030103239465	0	0.22477275528441	0.996877104348458
TCGA-24-2267-01	0	0.245827867148422	0	0.204410268609786	0.0555069648882691	0.0328411563551214	0.0232105042698892	0.438203238728513	0	0.211055387518457	1.00308367169844
TCGA-25-2393-01	0.0391035350134706	0	0	0.183026095328184	0.052781380389925	0.162790744442211	0.0563657620875138	0.505932482738695	0	0.199586813139952	1.01324915347284
TCGA-25-2401-01	0.0476312081123907	0.0238480211928321	0	0.323218544795809	0.0622770929597155	0.0807908191116201	0.0236063510140587	0.438627962813573	0	0.238222065431131	0.990395099978545
TCGA-24-2281-01	0.102220021590148	0.0648308688091443	0.0315092067128596	0.10663034629503	0.0275078355756975	0.156197027445461	0.0584506475306216	0.452654046041038	0	0.213589371864648	1.00284790577323
TCGA-25-2398-01	0	0.148033293286798	0	0.222471754874342	0.0526663119999811	0.111256411838973	0.0479645750976114	0.417607652902295	0	0.205209717311743	1.00185732158233
TCGA-13-1489-02	0.0201272312707346	0.0782608108071976	0	0.412677976418892	0.0958091959499626	0.117280551233487	0.0633515432138938	0.212492691105832	0	0.173649557366531	1.01783217440546
TCGA-24-1850-01	0	0.133086247115438	0.118603831844604	0	0.00891980943953816	0.0679087142434496	0.050323272799631	0.62115812455734	0	0.224510247602018	1.00981212559283
TCGA-30-1860-01	0	0.127154154300327	0.241690618689525	0	0.0561132461149003	0.0462271703314884	0.0394367441805088	0.489378066383251	0	0.230877487029411	0.996263447615944
TCGA-23-1109-01	0	0.231748739158809	0.00546951994098896	0.12108621478679	0.057025251762132	0.154501575048021	0.0524346017832361	0.377734097520023	0	0.180587592432035	1.01412022772743
TCGA-61-1995-01	0	0.195385673407203	0.0741766606083553	0.135168884722998	0.0156397877289663	0.12355766543869	0.0305631897430862	0.425508138350701	0	0.210751938352429	1.00109668351287
TCGA-04-1357-01	0.0680171876977508	0.103753416343573	0	0.204386288039149	0.087060764193782	0.0458125718992684	0.0604901139106463	0.430479657915831	0	0.248478253905899	0.98501912819339
TCGA-VG-A8LO-01	0	0.319009649146168	0	0.298127232659255	0.0434844373055426	0.0674432793819964	0.0349048196163276	0.23703058189071	0.54	0.0327047756982677	1.07887065532703
TCGA-5X-AA5U-01	0	0.166796507158789	0	0.260143259764451	0	0.184205063667237	0.0349380820854209	0.353917087324102	0.54	0.0328245271764695	1.0710661903514
TCGA-61-2002-01	0.0836877513074609	0	0	0.284139070748732	0.0598212358902542	0.0782250834562278	0.0354947774686761	0.458632081128649	0	0.255202487331513	0.982851289581593
TCGA-29-2425-01	0	0.295370788271464	0.0417589026686435	0.136385286772893	0.0349271799543967	0.0736987815662243	0.0432792868538789	0.374579773912501	0.02	0.140296247876321	1.03304057679481
TCGA-29-1701-01	0.0430404259042694	0.0773556953009659	0.10832484450483	0.127264645980077	0	0.0860235594263098	0.0427323131738336	0.515258515709714	0	0.251408902429921	0.98699214574953
TCGA-09-1673-01	0	0.17090305428612	0	0.201799566259162	0.0192074224821127	0.0932490660517493	0.0210358557319955	0.49380503518886	0.02	0.141458223909213	1.03450515899665
TCGA-24-1428-01	0	0.189450550833812	0	0.107078106503756	0.0795872480225463	0.0907686965714012	0.024142879883136	0.508972518185348	0	0.197372219693571	1.01316052075166
TCGA-23-1120-01	0	0.0784487870768596	0	0.238455085190756	0.0558461883211382	0.0992755202455288	0.0644735398186908	0.463500879347027	0	0.210520594912652	1.00261510551083
TCGA-61-1914-01	0.0477985077337628	0.0728264730936058	0	0.272314452162932	0.0652016490236416	0.0831704064130131	0.0585669429279236	0.400121568645121	0	0.207105496374169	1.00072626555269
TCGA-29-1705-01	0	0.141543141768649	0	0.213081059271596	0.00394551565882881	0.0900620192183636	0.0311379421369405	0.520230321945622	0	0.212510282306308	1.00547753349767
TCGA-23-2077-01	0	0.0979891526488788	0	0.297389165094852	0.0587386195883849	0.109029595981747	0.0479627640024714	0.388890702683666	0	0.177798312921834	1.01279376916849
TCGA-31-1944-01	0	0.0922205744884786	0	0.273084858665908	0.0501078905230806	0.119199287103585	0.00948841537986757	0.45589897383908	0.01	0.161513125231476	1.0236753690083
TCGA-31-1951-01	0	0.0946067544226198	0	0.169792506568077	0.0731870799801729	0.0769288638430767	0.0510680176795673	0.534416777506486	0	0.184760934036155	1.01886193893603
TCGA-36-1571-01	0	0.171954772381373	0	0.290558262621282	0.0263742455041186	0.0753171769776109	0.00117431446046906	0.434621228055147	0.23	0.0680273281516154	1.06160936388229
TCGA-36-1568-01	0	0.200533341144825	0	0.207769883397758	0.0608815633025577	0.114607699393903	0.0272793973309269	0.388928115430029	0	0.208685423250916	1.00032958166628
TCGA-25-1634-01	0	0.122737462238595	0	0.336184825975479	0.10212341599599	0.0866455726486928	0	0.352308723141244	0.67	0.00922916844919323	1.08481618170529
TCGA-24-2035-01	0.0637529852381037	0.0140353283337788	0	0.11594993832625	0.0892432299736779	0.096022826118949	0.0140209344547487	0.606974757554492	0	0.267857488858815	0.988224551604107
TCGA-57-1585-01	0.139991870991284	0.0182037435629069	0	0.337505605585683	0.0523370308447137	0.122236455126502	0.0232816629534962	0.306443630935413	0	0.178852600484525	1.01197020033264
TCGA-25-2399-01	0	0.0933985202111505	0	0.126343764566779	0.136426466266458	0.120800105465104	0.0418248416048849	0.481206301885623	0	0.193464223845322	1.01552616500741
TCGA-09-0366-01	0	0.129048127913214	0.076459347203203	0.0687062412469926	0.0182931248266254	0.321015170944376	0	0.386477987865589	0	0.234886328761893	0.997808433771784
TCGA-23-1027-01	0.165360406058416	0	0	0.165916551007397	0.0398672059639158	0.141526335907015	0.0447005674493137	0.442628933613944	0	0.194768297090673	1.00975732641599
TCGA-13-0893-01	0	0.165556146122272	0.00700094229683874	0.166495781138621	0.097296584424036	0.0882137197633082	0.0792208198352889	0.396216006419635	0	0.164404714941482	1.02035054183294
TCGA-61-1741-01	0	0.216579272810966	0.0412501024273191	0.147678191250788	0	0.0776265032110065	0.0313957964250583	0.485470133874862	0.02	0.143758341966773	1.03442802585685
TCGA-36-1577-01	0	0.120539516776771	0	0.185194941135493	0	0.164052809559787	0	0.530212732527948	0.1	0.109859582291465	1.05604847359345
TCGA-61-2012-01	0.057712952813081	0.0873088429820807	0	0.130530942559764	0.0498009862239227	0.130018679576506	0.0497690311858252	0.49485856465882	0	0.225848683170459	0.998866061297007
TCGA-13-1411-01	0	0.168430038081878	0.0268723276345237	0.0861153824296901	0.0644460839487632	0.11975179787015	0.044087159658528	0.490297210376467	0	0.262951296415439	0.982134026566333
TCGA-WR-A838-01	0.194693199640175	0	0	0.489772590807015	0	0.119660678812297	0.0206177193572766	0.175255811383236	0.69	0.00474192946057959	1.09674394308972
TCGA-61-1728-01	0	0.191799013922172	0	0.222868259083302	0.0767395617717979	0.130944622209217	0.0107504168018958	0.366898126211616	0.09	0.11620850519156	1.03828312141144
TCGA-13-0924-01	0.136957732114242	0.0299901574338908	0.0213779608986782	0.155572119417407	0.0597701888414039	0.139424038750205	0.0625576862189209	0.394350116325251	0	0.256361594636731	0.980649792369258
TCGA-25-1323-01	0	0.13217612500507	0	0.231078092358309	0.0569006853040858	0.134211695944972	0.0133031244872157	0.432330276900347	0.17	0.0899412790123734	1.05120967447194
TCGA-61-1918-01	0	0.0551396618637329	0	0.274795658076076	0.0461432093455266	0.122664574833758	0.0205543958489535	0.480702500031953	0	0.20047551528782	1.00907192068435
TCGA-61-1724-01	0.0820267257021147	0.147010361918015	0.00340466452023663	0.0896828338602094	0.0376100944849	0.162322198100723	0.0514326198087874	0.426510501605013	0.04	0.130457149586877	1.04010223646325
TCGA-24-2271-01	0.000423672390663241	0.223434943026796	0	0.260856093237059	0.0452771293773184	0.0733006382627848	0.0200500059068619	0.376657517798517	0	0.174816385288285	1.01508346436141
TCGA-25-1626-01	0.137103563532877	0	0.0993904562061615	0.11556886182263	0.0246558133913461	0.0364086848351	0	0.586872620211885	0	0.24457409148196	0.995496551686924
TCGA-29-2428-01	0	0.185568189164141	0	0.257170236387574	0.0682008503310582	0.0429290180340546	0.0187626385013892	0.427369067581782	0	0.242400393364444	0.987679337021585
TCGA-29-1690-01	0.0144679461815527	0.0686556104203261	0	0.222474183473379	0.0548571243227084	0.166871827723059	0.0227696347009086	0.449903673178066	0	0.244811533241948	0.988043471526716
TCGA-25-1320-01	0	0.132555697905447	0	0.262220761394676	0.027051701260428	0.0859179417597538	0.00585243083006492	0.48640146684963	0	0.185521334822041	1.0149283517212
TCGA-29-2427-01	0.0198403317974967	0.0929902554149857	0.267084727408277	0	0.0451530509490857	0.0639869559232124	0.0520170115274124	0.458927666979531	0	0.269534665566789	0.977647116447559
TCGA-09-2045-01	0	0.0750646616628103	0	0.146142058686357	0.0853206308794693	0.0664243837126694	0.0651822093804097	0.561866055678284	0.02	0.137430363449347	1.04427743385475
TCGA-36-1570-01	0	0.177996249130967	0.0150457315936092	0.114535735313037	0.0352944507474872	0.157552997880062	0.0625898525705552	0.436984982764283	0.02	0.144904011846715	1.03148041832398
TCGA-24-1550-01	0.0890151664669724	0.0246666027026567	0	0.22167529507742	0.0589310183156702	0.116931251711583	0.0197783550006289	0.469002310725069	0	0.229325202076966	0.99469120667734
TCGA-24-2254-01	0	0.0466276898223172	0	0.16113583628026	0.0152314736417363	0.128252362104031	0	0.648752638151656	0	0.208419701873096	1.02374594036478
TCGA-25-1318-01	0	0.180174614761978	0	0.30198635010686	0.0168195691441385	0.0989417353263813	0.0507673301346953	0.351310400525947	0.09	0.113320912413628	1.03781789902578
TCGA-09-2054-01	0	0.257310062899452	0	0.320984816354931	0	0.0913863530029401	0.0398414122062513	0.290477355536426	0.02	0.141368073936457	1.02958479226018
TCGA-09-0364-01	0.01009913834402	0	0	0.45827945188276	0	0.121649510867291	0	0.409971898905929	0.8	-0.00903450109962141	1.10452708808997
TCGA-24-1560-01	0	0.259109158671532	0	0.151504074385727	0.019603013012849	0.112145929682995	0.0401418794856199	0.417495944761277	0.29	0.0621663828864316	1.06630545326686
TCGA-31-1953-01	0	0.0625648276737184	0.0158295940487175	0.122943302195112	0.109879873121496	0.101645454000256	0.0439528818897454	0.543184067070955	0	0.239817916553223	0.997298907618855
TCGA-09-1666-01	0	0.155844739557611	0.151219858988817	0.0660499671464386	0	0.0691405046836895	0.0676788778023474	0.490066051821097	0	0.206000598872687	1.00625555237172
TCGA-13-1506-01	0.0926072731970133	0.0480054831201458	0	0.295272313502213	0.0972707082995853	0.103772140114161	0.118020894781856	0.245051186985025	0.09	0.112154350869569	1.04196740874055
TCGA-24-2020-01	0.0836878727124063	0	0	0.184238059784628	0	0.147835611595346	0	0.58423845590762	0.1	0.108678051100208	1.06299578553615
TCGA-04-1365-01	0	0.127319657056597	0	0.184122539437172	0.0810609425969139	0.119809741200765	0.0476299744387933	0.440057145269758	0	0.221875924128451	0.996591912734536
TCGA-61-2097-01	0	0.145561817326301	0	0.181192294016753	0.0171372730724334	0.155740209903552	0.0537608843814867	0.446607521299475	0	0.180995950788428	1.01544653427384
TCGA-09-1669-01	0.0334842358930293	0.141732285441574	0	0.222300063175072	0.0464570857653189	0.0735604016041796	0.0480785079441546	0.434387420176672	0	0.183405770186286	1.01191293596933
TCGA-59-2354-01	0.0593862216817914	0.0610963356026687	0	0.178072836302666	0.0813867190335359	0.0428411472083847	0.0327844654835966	0.544432274687357	0	0.191383743074841	1.0161824801258
TCGA-24-1563-01	0	0.100223711848581	0	0.335033078634039	0.0615619472305572	0.0991540592157769	0.0343747048567815	0.369652498214264	0	0.192614776255569	1.00695108849331
TCGA-24-1467-01	0	0.179495456134126	0	0.20517709659859	0	0.140105378823691	0.0132517895272916	0.461970278916301	0.08	0.125818751664772	1.04099804142142
TCGA-24-1616-01	0	0.103148289574868	0	0.208964388580593	0.076489881272156	0.155138811733271	0.064784262337134	0.391474366501978	0.17	0.0878786993184248	1.05034511761574
TCGA-13-0730-01	0	0.154989558808727	0	0.32529816331692	0.0581000647602714	0.064711310355435	0.0265236554290668	0.370377247329581	0.01	0.14678770107172	1.02597700863857
TCGA-61-1725-01	0	0.123075218918298	0.0186664052590093	0.157578280962916	0.0576379562870239	0.085761975762944	0.0566000097152137	0.500680153094595	0	0.216516539692173	1.00183309025168
TCGA-61-1733-01	0	0.206129042814419	0.155898032088172	0	0	0.0940402882419299	0.0374163728345208	0.506516264020958	0.02	0.137918715589922	1.0394981929919
TCGA-24-1422-01	0.0264949503479117	0.0513318892275936	0	0.193091342993179	0.0801465431140048	0.0746669950553269	0	0.574268279261984	0	0.200885721880734	1.01584050669292
TCGA-24-1430-01	0.116390755779294	0.0601195870113602	0	0.274023532279309	0	0.159531342851671	0.042297101304197	0.347637680774169	0.5	0.036586561185631	1.06942382663283
TCGA-61-1721-01	0	0.0584060002826446	0	0.143312873125633	0.0218850230451586	0.0602761241089926	0.00888239390988518	0.707237585527686	0	0.286408302274003	0.987655587747111
TCGA-29-1784-01	0	0.268881378402377	0.0757948354483543	0.0326247240028736	0.0181522042404548	0.0535694979516859	0.0423361334302702	0.508641226523984	0	0.235752466563189	0.998341204150476
TCGA-61-1907-01	0	0.117333483825929	0.011941323038195	0.188069817540131	0.0756775796683825	0.0743004942626337	0.045909057387105	0.486768244277624	0	0.297808345721092	0.964629154197229
